[0, 2, 0, 1, 0, 1, 2, 1, 2, 0, 0, 0, 0, 0, 0, 0, 0, 0, 0]
[0, 0, 1, 0, 2, 2, 1, 1, 1, 2, 0, 0, 0, 0, 0, 0, 0, 0, 0]
[0, 1, 2, 1, 0, 1, 1, 2, 0, 2, 0, 0, 0, 0, 0, 0, 0, 0, 0]
[0, 0, 2, 1, 1, 1, 1, 2, 1, 0, 2, 0, 0, 0, 0, 0, 0, 0, 0]
[0, 0, 0, 2, 2, 1, 0, 1, 2, 2, 0, 0, 0, 0, 0, 0, 0, 0, 0]
[0, 0, 0, 0, 1, 2, 2, 0, 1, 1, 1, 2, 0, 0, 0, 0, 0, 0, 0]
[0, 0, 0, 0, 0, 0, 0, 0, 0, 2, 0, 0, 0, 0, 0, 0, 0, 0, 0]
[0, 0, 0, 0, 0, 0, 0, 0, 0, 0, 0, 0, 0, 0, 0, 0, 0, 0, 0]
[0, 0, 0, 0, 0, 0, 0, 0, 0, 0, 0, 0, 0, 0, 0, 0, 0, 0, 0]
[0, 0, 0, 0, 0, 0, 0, 0, 0, 0, 0, 0, 0, 0, 0, 0, 0, 0, 0]
[0, 0, 0, 0, 0, 0, 0, 0, 0, 0, 0, 0, 0, 0, 0, 0, 0, 0, 0]
[0, 0, 0, 0, 0, 0, 0, 0, 0, 0, 0, 0, 0, 0, 0, 0, 0, 0, 0]
[0, 0, 0, 0, 0, 0, 0, 0, 0, 0, 0, 0, 0, 0, 0, 0, 0, 0, 0]
[0, 0, 0, 0, 0, 0, 0, 0, 0, 0, 0, 0, 0, 0, 0, 0, 0, 0, 0]
MiniMax Cases calculated: 845527 Calculation time: 5952 ms Total Black time: 25478 ms
Black: 111 White: 63
Black Move: [11, 3]
[0, 0, 0, 0, 0, 0, 0, 0, 0, 0, 0, 0, 0, 0, 0, 0, 0, 0, 0]
[0, 0, 0, 0, 0, 0, 0, 0, 0, 0, 0, 0, 0, 0, 0, 0, 0, 0, 0]
[0, 0, 0, 0, 0, 0, 0, 0, 0, 0, 0, 0, 0, 0, 0, 0, 0, 0, 0]
[0, 0, 0, 0, 0, 2, 0, 2, 0, 0, 0, 0, 0, 0, 0, 0, 0, 0, 0]
[0, 0, 0, 2, 2, 0, 1, 1, 2, 1, 0, 0, 0, 0, 0, 0, 0, 0, 0]
[0, 2, 0, 1, 0, 1, 2, 1, 2, 0, 0, 0, 0, 0, 0, 0, 0, 0, 0]
[0, 0, 1, 0, 2, 2, 1, 1, 1, 2, 0, 0, 0, 0, 0, 0, 0, 0, 0]
[0, 1, 2, 1, 0, 1, 1, 2, 0, 2, 0, 0, 0, 0, 0, 0, 0, 0, 0]
[0, 0, 2, 1, 1, 1, 1, 2, 1, 0, 2, 0, 0, 0, 0, 0, 0, 0, 0]
[0, 0, 0, 2, 2, 1, 0, 1, 2, 2, 0, 0, 0, 0, 0, 0, 0, 0, 0]
[0, 0, 0, 0, 1, 2, 2, 0, 1, 1, 1, 2, 0, 0, 0, 0, 0, 0, 0]
[0, 0, 0, 2, 0, 0, 0, 0, 0, 2, 0, 0, 0, 0, 0, 0, 0, 0, 0]
[0, 0, 0, 0, 0, 0, 0, 0, 0, 0, 0, 0, 0, 0, 0, 0, 0, 0, 0]
[0, 0, 0, 0, 0, 0, 0, 0, 0, 0, 0, 0, 0, 0, 0, 0, 0, 0, 0]
[0, 0, 0, 0, 0, 0, 0, 0, 0, 0, 0, 0, 0, 0, 0, 0, 0, 0, 0]
[0, 0, 0, 0, 0, 0, 0, 0, 0, 0, 0, 0, 0, 0, 0, 0, 0, 0, 0]
[0, 0, 0, 0, 0, 0, 0, 0, 0, 0, 0, 0, 0, 0, 0, 0, 0, 0, 0]
[0, 0, 0, 0, 0, 0, 0, 0, 0, 0, 0, 0, 0, 0, 0, 0, 0, 0, 0]
[0, 0, 0, 0, 0, 0, 0, 0, 0, 0, 0, 0, 0, 0, 0, 0, 0, 0, 0]
MiniMax Cases calculated: 578535 Calculation time: 4000 ms Total White time: 53685 ms
Black: 108 White: 71
White Move: [3, 8]
[0, 0, 0, 0, 0, 0, 0, 0, 0, 0, 0, 0, 0, 0, 0, 0, 0, 0, 0]
[0, 0, 0, 0, 0, 0, 0, 0, 0, 0, 0, 0, 0, 0, 0, 0, 0, 0, 0]
[0, 0, 0, 0, 0, 0, 0, 0, 0, 0, 0, 0, 0, 0, 0, 0, 0, 0, 0]
[0, 0, 0, 0, 0, 2, 0, 2, 1, 0, 0, 0, 0, 0, 0, 0, 0, 0, 0]
[0, 0, 0, 2, 2, 0, 1, 1, 2, 1, 0, 0, 0, 0, 0, 0, 0, 0, 0]
[0, 2, 0, 1, 0, 1, 2, 1, 2, 0, 0, 0, 0, 0, 0, 0, 0, 0, 0]
[0, 0, 1, 0, 2, 2, 1, 1, 1, 2, 0, 0, 0, 0, 0, 0, 0, 0, 0]
[0, 1, 2, 1, 0, 1, 1, 2, 0, 2, 0, 0, 0, 0, 0, 0, 0, 0, 0]
[0, 0, 2, 1, 1, 1, 1, 2, 1, 0, 2, 0, 0, 0, 0, 0, 0, 0, 0]
[0, 0, 0, 2, 2, 1, 0, 1, 2, 2, 0, 0, 0, 0, 0, 0, 0, 0, 0]
[0, 0, 0, 0, 1, 2, 2, 0, 1, 1, 1, 2, 0, 0, 0, 0, 0, 0, 0]
[0, 0, 0, 2, 0, 0, 0, 0, 0, 2, 0, 0, 0, 0, 0, 0, 0, 0, 0]
[0, 0, 0, 0, 0, 0, 0, 0, 0, 0, 0, 0, 0, 0, 0, 0, 0, 0, 0]
[0, 0, 0, 0, 0, 0, 0, 0, 0, 0, 0, 0, 0, 0, 0, 0, 0, 0, 0]
[0, 0, 0, 0, 0, 0, 0, 0, 0, 0, 0, 0, 0, 0, 0, 0, 0, 0, 0]
[0, 0, 0, 0, 0, 0, 0, 0, 0, 0, 0, 0, 0, 0, 0, 0, 0, 0, 0]
[0, 0, 0, 0, 0, 0, 0, 0, 0, 0, 0, 0, 0, 0, 0, 0, 0, 0, 0]
[0, 0, 0, 0, 0, 0, 0, 0, 0, 0, 0, 0, 0, 0, 0, 0, 0, 0, 0]
[0, 0, 0, 0, 0, 0, 0, 0, 0, 0, 0, 0, 0, 0, 0, 0, 0, 0, 0]
MiniMax Cases calculated: 487012 Calculation time: 3735 ms Total Black time: 29213 ms
Black: 50107 White: 70
Black Move: [5, 9]
[0, 0, 0, 0, 0, 0, 0, 0, 0, 0, 0, 0, 0, 0, 0, 0, 0, 0, 0]
[0, 0, 0, 0, 0, 0, 0, 0, 0, 0, 0, 0, 0, 0, 0, 0, 0, 0, 0]
[0, 0, 0, 0, 0, 0, 0, 0, 0, 0, 0, 0, 0, 0, 0, 0, 0, 0, 0]
[0, 0, 0, 0, 0, 2, 0, 2, 1, 0, 0, 0, 0, 0, 0, 0, 0, 0, 0]
[0, 0, 0, 2, 2, 0, 1, 1, 2, 1, 0, 0, 0, 0, 0, 0, 0, 0, 0]
[0, 2, 0, 1, 0, 1, 2, 1, 2, 2, 0, 0, 0, 0, 0, 0, 0, 0, 0]
[0, 0, 1, 0, 2, 2, 1, 1, 1, 2, 0, 0, 0, 0, 0, 0, 0, 0, 0]
[0, 1, 2, 1, 0, 1, 1, 2, 0, 2, 0, 0, 0, 0, 0, 0, 0, 0, 0]
[0, 0, 2, 1, 1, 1, 1, 2, 1, 0, 2, 0, 0, 0, 0, 0, 0, 0, 0]
[0, 0, 0, 2, 2, 1, 0, 1, 2, 2, 0, 0, 0, 0, 0, 0, 0, 0, 0]
[0, 0, 0, 0, 1, 2, 2, 0, 1, 1, 1, 2, 0, 0, 0, 0, 0, 0, 0]
[0, 0, 0, 2, 0, 0, 0, 0, 0, 2, 0, 0, 0, 0, 0, 0, 0, 0, 0]
[0, 0, 0, 0, 0, 0, 0, 0, 0, 0, 0, 0, 0, 0, 0, 0, 0, 0, 0]
[0, 0, 0, 0, 0, 0, 0, 0, 0, 0, 0, 0, 0, 0, 0, 0, 0, 0, 0]
[0, 0, 0, 0, 0, 0, 0, 0, 0, 0, 0, 0, 0, 0, 0, 0, 0, 0, 0]
[0, 0, 0, 0, 0, 0, 0, 0, 0, 0, 0, 0, 0, 0, 0, 0, 0, 0, 0]
[0, 0, 0, 0, 0, 0, 0, 0, 0, 0, 0, 0, 0, 0, 0, 0, 0, 0, 0]
[0, 0, 0, 0, 0, 0, 0, 0, 0, 0, 0, 0, 0, 0, 0, 0, 0, 0, 0]
[0, 0, 0, 0, 0, 0, 0, 0, 0, 0, 0, 0, 0, 0, 0, 0, 0, 0, 0]
MiniMax Cases calculated: 138931 Calculation time: 1066 ms Total White time: 54751 ms
Black: 50106 White: 268
White Move: [2, 7]
[0, 0, 0, 0, 0, 0, 0, 0, 0, 0, 0, 0, 0, 0, 0, 0, 0, 0, 0]
[0, 0, 0, 0, 0, 0, 0, 0, 0, 0, 0, 0, 0, 0, 0, 0, 0, 0, 0]
[0, 0, 0, 0, 0, 0, 0, 1, 0, 0, 0, 0, 0, 0, 0, 0, 0, 0, 0]
[0, 0, 0, 0, 0, 2, 0, 2, 1, 0, 0, 0, 0, 0, 0, 0, 0, 0, 0]
[0, 0, 0, 2, 2, 0, 1, 1, 2, 1, 0, 0, 0, 0, 0, 0, 0, 0, 0]
[0, 2, 0, 1, 0, 1, 2, 1, 2, 2, 0, 0, 0, 0, 0, 0, 0, 0, 0]
[0, 0, 1, 0, 2, 2, 1, 1, 1, 2, 0, 0, 0, 0, 0, 0, 0, 0, 0]
[0, 1, 2, 1, 0, 1, 1, 2, 0, 2, 0, 0, 0, 0, 0, 0, 0, 0, 0]
[0, 0, 2, 1, 1, 1, 1, 2, 1, 0, 2, 0, 0, 0, 0, 0, 0, 0, 0]
[0, 0, 0, 2, 2, 1, 0, 1, 2, 2, 0, 0, 0, 0, 0, 0, 0, 0, 0]
[0, 0, 0, 0, 1, 2, 2, 0, 1, 1, 1, 2, 0, 0, 0, 0, 0, 0, 0]
[0, 0, 0, 2, 0, 0, 0, 0, 0, 2, 0, 0, 0, 0, 0, 0, 0, 0, 0]
[0, 0, 0, 0, 0, 0, 0, 0, 0, 0, 0, 0, 0, 0, 0, 0, 0, 0, 0]
[0, 0, 0, 0, 0, 0, 0, 0, 0, 0, 0, 0, 0, 0, 0, 0, 0, 0, 0]
[0, 0, 0, 0, 0, 0, 0, 0, 0, 0, 0, 0, 0, 0, 0, 0, 0, 0, 0]
[0, 0, 0, 0, 0, 0, 0, 0, 0, 0, 0, 0, 0, 0, 0, 0, 0, 0, 0]
[0, 0, 0, 0, 0, 0, 0, 0, 0, 0, 0, 0, 0, 0, 0, 0, 0, 0, 0]
[0, 0, 0, 0, 0, 0, 0, 0, 0, 0, 0, 0, 0, 0, 0, 0, 0, 0, 0]
[0, 0, 0, 0, 0, 0, 0, 0, 0, 0, 0, 0, 0, 0, 0, 0, 0, 0, 0]
MiniMax Cases calculated: 35170 Calculation time: 312 ms Total Black time: 29525 ms
Black: 50121 White: 73
Black Move: [5, 10]
[0, 0, 0, 0, 0, 0, 0, 0, 0, 0, 0, 0, 0, 0, 0, 0, 0, 0, 0]
[0, 0, 0, 0, 0, 0, 0, 0, 0, 0, 0, 0, 0, 0, 0, 0, 0, 0, 0]
[0, 0, 0, 0, 0, 0, 0, 1, 0, 0, 0, 0, 0, 0, 0, 0, 0, 0, 0]
[0, 0, 0, 0, 0, 2, 0, 2, 1, 0, 0, 0, 0, 0, 0, 0, 0, 0, 0]
[0, 0, 0, 2, 2, 0, 1, 1, 2, 1, 0, 0, 0, 0, 0, 0, 0, 0, 0]
[0, 2, 0, 1, 0, 1, 2, 1, 2, 2, 2, 0, 0, 0, 0, 0, 0, 0, 0]
[0, 0, 1, 0, 2, 2, 1, 1, 1, 2, 0, 0, 0, 0, 0, 0, 0, 0, 0]
[0, 1, 2, 1, 0, 1, 1, 2, 0, 2, 0, 0, 0, 0, 0, 0, 0, 0, 0]
[0, 0, 2, 1, 1, 1, 1, 2, 1, 0, 2, 0, 0, 0, 0, 0, 0, 0, 0]
[0, 0, 0, 2, 2, 1, 0, 1, 2, 2, 0, 0, 0, 0, 0, 0, 0, 0, 0]
[0, 0, 0, 0, 1, 2, 2, 0, 1, 1, 1, 2, 0, 0, 0, 0, 0, 0, 0]
[0, 0, 0, 2, 0, 0, 0, 0, 0, 2, 0, 0, 0, 0, 0, 0, 0, 0, 0]
[0, 0, 0, 0, 0, 0, 0, 0, 0, 0, 0, 0, 0, 0, 0, 0, 0, 0, 0]
[0, 0, 0, 0, 0, 0, 0, 0, 0, 0, 0, 0, 0, 0, 0, 0, 0, 0, 0]
[0, 0, 0, 0, 0, 0, 0, 0, 0, 0, 0, 0, 0, 0, 0, 0, 0, 0, 0]
[0, 0, 0, 0, 0, 0, 0, 0, 0, 0, 0, 0, 0, 0, 0, 0, 0, 0, 0]
[0, 0, 0, 0, 0, 0, 0, 0, 0, 0, 0, 0, 0, 0, 0, 0, 0, 0, 0]
[0, 0, 0, 0, 0, 0, 0, 0, 0, 0, 0, 0, 0, 0, 0, 0, 0, 0, 0]
[0, 0, 0, 0, 0, 0, 0, 0, 0, 0, 0, 0, 0, 0, 0, 0, 0, 0, 0]
MiniMax Cases calculated: 347345 Calculation time: 2781 ms Total White time: 57532 ms
Black: 50121 White: 271
White Move: [1, 6]
[0, 0, 0, 0, 0, 0, 0, 0, 0, 0, 0, 0, 0, 0, 0, 0, 0, 0, 0]
[0, 0, 0, 0, 0, 0, 1, 0, 0, 0, 0, 0, 0, 0, 0, 0, 0, 0, 0]
[0, 0, 0, 0, 0, 0, 0, 1, 0, 0, 0, 0, 0, 0, 0, 0, 0, 0, 0]
[0, 0, 0, 0, 0, 2, 0, 2, 1, 0, 0, 0, 0, 0, 0, 0, 0, 0, 0]
[0, 0, 0, 2, 2, 0, 1, 1, 2, 1, 0, 0, 0, 0, 0, 0, 0, 0, 0]
[0, 2, 0, 1, 0, 1, 2, 1, 2, 2, 2, 0, 0, 0, 0, 0, 0, 0, 0]
[0, 0, 1, 0, 2, 2, 1, 1, 1, 2, 0, 0, 0, 0, 0, 0, 0, 0, 0]
[0, 1, 2, 1, 0, 1, 1, 2, 0, 2, 0, 0, 0, 0, 0, 0, 0, 0, 0]
[0, 0, 2, 1, 1, 1, 1, 2, 1, 0, 2, 0, 0, 0, 0, 0, 0, 0, 0]
[0, 0, 0, 2, 2, 1, 0, 1, 2, 2, 0, 0, 0, 0, 0, 0, 0, 0, 0]
[0, 0, 0, 0, 1, 2, 2, 0, 1, 1, 1, 2, 0, 0, 0, 0, 0, 0, 0]
[0, 0, 0, 2, 0, 0, 0, 0, 0, 2, 0, 0, 0, 0, 0, 0, 0, 0, 0]
[0, 0, 0, 0, 0, 0, 0, 0, 0, 0, 0, 0, 0, 0, 0, 0, 0, 0, 0]
[0, 0, 0, 0, 0, 0, 0, 0, 0, 0, 0, 0, 0, 0, 0, 0, 0, 0, 0]
[0, 0, 0, 0, 0, 0, 0, 0, 0, 0, 0, 0, 0, 0, 0, 0, 0, 0, 0]
[0, 0, 0, 0, 0, 0, 0, 0, 0, 0, 0, 0, 0, 0, 0, 0, 0, 0, 0]
[0, 0, 0, 0, 0, 0, 0, 0, 0, 0, 0, 0, 0, 0, 0, 0, 0, 0, 0]
[0, 0, 0, 0, 0, 0, 0, 0, 0, 0, 0, 0, 0, 0, 0, 0, 0, 0, 0]
[0, 0, 0, 0, 0, 0, 0, 0, 0, 0, 0, 0, 0, 0, 0, 0, 0, 0, 0]
Finisher!
MiniMax Cases calculated: 1 Calculation time: 0 ms Total Black time: 29525 ms
Black: 50124 White: 71
Black Move: [0, 5]
[0, 0, 0, 0, 0, 2, 0, 0, 0, 0, 0, 0, 0, 0, 0, 0, 0, 0, 0]
[0, 0, 0, 0, 0, 0, 1, 0, 0, 0, 0, 0, 0, 0, 0, 0, 0, 0, 0]
[0, 0, 0, 0, 0, 0, 0, 1, 0, 0, 0, 0, 0, 0, 0, 0, 0, 0, 0]
[0, 0, 0, 0, 0, 2, 0, 2, 1, 0, 0, 0, 0, 0, 0, 0, 0, 0, 0]
[0, 0, 0, 2, 2, 0, 1, 1, 2, 1, 0, 0, 0, 0, 0, 0, 0, 0, 0]
[0, 2, 0, 1, 0, 1, 2, 1, 2, 2, 2, 0, 0, 0, 0, 0, 0, 0, 0]
[0, 0, 1, 0, 2, 2, 1, 1, 1, 2, 0, 0, 0, 0, 0, 0, 0, 0, 0]
[0, 1, 2, 1, 0, 1, 1, 2, 0, 2, 0, 0, 0, 0, 0, 0, 0, 0, 0]
[0, 0, 2, 1, 1, 1, 1, 2, 1, 0, 2, 0, 0, 0, 0, 0, 0, 0, 0]
[0, 0, 0, 2, 2, 1, 0, 1, 2, 2, 0, 0, 0, 0, 0, 0, 0, 0, 0]
[0, 0, 0, 0, 1, 2, 2, 0, 1, 1, 1, 2, 0, 0, 0, 0, 0, 0, 0]
[0, 0, 0, 2, 0, 0, 0, 0, 0, 2, 0, 0, 0, 0, 0, 0, 0, 0, 0]
[0, 0, 0, 0, 0, 0, 0, 0, 0, 0, 0, 0, 0, 0, 0, 0, 0, 0, 0]
[0, 0, 0, 0, 0, 0, 0, 0, 0, 0, 0, 0, 0, 0, 0, 0, 0, 0, 0]
[0, 0, 0, 0, 0, 0, 0, 0, 0, 0, 0, 0, 0, 0, 0, 0, 0, 0, 0]
[0, 0, 0, 0, 0, 0, 0, 0, 0, 0, 0, 0, 0, 0, 0, 0, 0, 0, 0]
[0, 0, 0, 0, 0, 0, 0, 0, 0, 0, 0, 0, 0, 0, 0, 0, 0, 0, 0]
[0, 0, 0, 0, 0, 0, 0, 0, 0, 0, 0, 0, 0, 0, 0, 0, 0, 0, 0]
[0, 0, 0, 0, 0, 0, 0, 0, 0, 0, 0, 0, 0, 0, 0, 0, 0, 0, 0]
MiniMax Cases calculated: 1535911 Calculation time: 11662 ms Total White time: 69194 ms
Black: 131 White: 81
White Move: [2, 6]
[0, 0, 0, 0, 0, 2, 0, 0, 0, 0, 0, 0, 0, 0, 0, 0, 0, 0, 0]
[0, 0, 0, 0, 0, 0, 1, 0, 0, 0, 0, 0, 0, 0, 0, 0, 0, 0, 0]
[0, 0, 0, 0, 0, 0, 1, 1, 0, 0, 0, 0, 0, 0, 0, 0, 0, 0, 0]
[0, 0, 0, 0, 0, 2, 0, 2, 1, 0, 0, 0, 0, 0, 0, 0, 0, 0, 0]
[0, 0, 0, 2, 2, 0, 1, 1, 2, 1, 0, 0, 0, 0, 0, 0, 0, 0, 0]
[0, 2, 0, 1, 0, 1, 2, 1, 2, 2, 2, 0, 0, 0, 0, 0, 0, 0, 0]
[0, 0, 1, 0, 2, 2, 1, 1, 1, 2, 0, 0, 0, 0, 0, 0, 0, 0, 0]
[0, 1, 2, 1, 0, 1, 1, 2, 0, 2, 0, 0, 0, 0, 0, 0, 0, 0, 0]
[0, 0, 2, 1, 1, 1, 1, 2, 1, 0, 2, 0, 0, 0, 0, 0, 0, 0, 0]
[0, 0, 0, 2, 2, 1, 0, 1, 2, 2, 0, 0, 0, 0, 0, 0, 0, 0, 0]
[0, 0, 0, 0, 1, 2, 2, 0, 1, 1, 1, 2, 0, 0, 0, 0, 0, 0, 0]
[0, 0, 0, 2, 0, 0, 0, 0, 0, 2, 0, 0, 0, 0, 0, 0, 0, 0, 0]
[0, 0, 0, 0, 0, 0, 0, 0, 0, 0, 0, 0, 0, 0, 0, 0, 0, 0, 0]
[0, 0, 0, 0, 0, 0, 0, 0, 0, 0, 0, 0, 0, 0, 0, 0, 0, 0, 0]
[0, 0, 0, 0, 0, 0, 0, 0, 0, 0, 0, 0, 0, 0, 0, 0, 0, 0, 0]
[0, 0, 0, 0, 0, 0, 0, 0, 0, 0, 0, 0, 0, 0, 0, 0, 0, 0, 0]
[0, 0, 0, 0, 0, 0, 0, 0, 0, 0, 0, 0, 0, 0, 0, 0, 0, 0, 0]
[0, 0, 0, 0, 0, 0, 0, 0, 0, 0, 0, 0, 0, 0, 0, 0, 0, 0, 0]
[0, 0, 0, 0, 0, 0, 0, 0, 0, 0, 0, 0, 0, 0, 0, 0, 0, 0, 0]
MiniMax Cases calculated: 740963 Calculation time: 5493 ms Total Black time: 35018 ms
Black: 140 White: 79
Black Move: [2, 5]
[0, 0, 0, 0, 0, 2, 0, 0, 0, 0, 0, 0, 0, 0, 0, 0, 0, 0, 0]
[0, 0, 0, 0, 0, 0, 1, 0, 0, 0, 0, 0, 0, 0, 0, 0, 0, 0, 0]
[0, 0, 0, 0, 0, 2, 1, 1, 0, 0, 0, 0, 0, 0, 0, 0, 0, 0, 0]
[0, 0, 0, 0, 0, 2, 0, 2, 1, 0, 0, 0, 0, 0, 0, 0, 0, 0, 0]
[0, 0, 0, 2, 2, 0, 1, 1, 2, 1, 0, 0, 0, 0, 0, 0, 0, 0, 0]
[0, 2, 0, 1, 0, 1, 2, 1, 2, 2, 2, 0, 0, 0, 0, 0, 0, 0, 0]
[0, 0, 1, 0, 2, 2, 1, 1, 1, 2, 0, 0, 0, 0, 0, 0, 0, 0, 0]
[0, 1, 2, 1, 0, 1, 1, 2, 0, 2, 0, 0, 0, 0, 0, 0, 0, 0, 0]
[0, 0, 2, 1, 1, 1, 1, 2, 1, 0, 2, 0, 0, 0, 0, 0, 0, 0, 0]
[0, 0, 0, 2, 2, 1, 0, 1, 2, 2, 0, 0, 0, 0, 0, 0, 0, 0, 0]
[0, 0, 0, 0, 1, 2, 2, 0, 1, 1, 1, 2, 0, 0, 0, 0, 0, 0, 0]
[0, 0, 0, 2, 0, 0, 0, 0, 0, 2, 0, 0, 0, 0, 0, 0, 0, 0, 0]
[0, 0, 0, 0, 0, 0, 0, 0, 0, 0, 0, 0, 0, 0, 0, 0, 0, 0, 0]
[0, 0, 0, 0, 0, 0, 0, 0, 0, 0, 0, 0, 0, 0, 0, 0, 0, 0, 0]
[0, 0, 0, 0, 0, 0, 0, 0, 0, 0, 0, 0, 0, 0, 0, 0, 0, 0, 0]
[0, 0, 0, 0, 0, 0, 0, 0, 0, 0, 0, 0, 0, 0, 0, 0, 0, 0, 0]
[0, 0, 0, 0, 0, 0, 0, 0, 0, 0, 0, 0, 0, 0, 0, 0, 0, 0, 0]
[0, 0, 0, 0, 0, 0, 0, 0, 0, 0, 0, 0, 0, 0, 0, 0, 0, 0, 0]
[0, 0, 0, 0, 0, 0, 0, 0, 0, 0, 0, 0, 0, 0, 0, 0, 0, 0, 0]
MiniMax Cases calculated: 713960 Calculation time: 5737 ms Total White time: 74931 ms
Black: 140 White: 86
White Move: [1, 8]
[0, 0, 0, 0, 0, 2, 0, 0, 0, 0, 0, 0, 0, 0, 0, 0, 0, 0, 0]
[0, 0, 0, 0, 0, 0, 1, 0, 1, 0, 0, 0, 0, 0, 0, 0, 0, 0, 0]
[0, 0, 0, 0, 0, 2, 1, 1, 0, 0, 0, 0, 0, 0, 0, 0, 0, 0, 0]
[0, 0, 0, 0, 0, 2, 0, 2, 1, 0, 0, 0, 0, 0, 0, 0, 0, 0, 0]
[0, 0, 0, 2, 2, 0, 1, 1, 2, 1, 0, 0, 0, 0, 0, 0, 0, 0, 0]
[0, 2, 0, 1, 0, 1, 2, 1, 2, 2, 2, 0, 0, 0, 0, 0, 0, 0, 0]
[0, 0, 1, 0, 2, 2, 1, 1, 1, 2, 0, 0, 0, 0, 0, 0, 0, 0, 0]
[0, 1, 2, 1, 0, 1, 1, 2, 0, 2, 0, 0, 0, 0, 0, 0, 0, 0, 0]
[0, 0, 2, 1, 1, 1, 1, 2, 1, 0, 2, 0, 0, 0, 0, 0, 0, 0, 0]
[0, 0, 0, 2, 2, 1, 0, 1, 2, 2, 0, 0, 0, 0, 0, 0, 0, 0, 0]
[0, 0, 0, 0, 1, 2, 2, 0, 1, 1, 1, 2, 0, 0, 0, 0, 0, 0, 0]
[0, 0, 0, 2, 0, 0, 0, 0, 0, 2, 0, 0, 0, 0, 0, 0, 0, 0, 0]
[0, 0, 0, 0, 0, 0, 0, 0, 0, 0, 0, 0, 0, 0, 0, 0, 0, 0, 0]
[0, 0, 0, 0, 0, 0, 0, 0, 0, 0, 0, 0, 0, 0, 0, 0, 0, 0, 0]
[0, 0, 0, 0, 0, 0, 0, 0, 0, 0, 0, 0, 0, 0, 0, 0, 0, 0, 0]
[0, 0, 0, 0, 0, 0, 0, 0, 0, 0, 0, 0, 0, 0, 0, 0, 0, 0, 0]
[0, 0, 0, 0, 0, 0, 0, 0, 0, 0, 0, 0, 0, 0, 0, 0, 0, 0, 0]
[0, 0, 0, 0, 0, 0, 0, 0, 0, 0, 0, 0, 0, 0, 0, 0, 0, 0, 0]
[0, 0, 0, 0, 0, 0, 0, 0, 0, 0, 0, 0, 0, 0, 0, 0, 0, 0, 0]
MiniMax Cases calculated: 456079 Calculation time: 3948 ms Total Black time: 38966 ms
Black: 151 White: 80
Black Move: [3, 6]
[0, 0, 0, 0, 0, 2, 0, 0, 0, 0, 0, 0, 0, 0, 0, 0, 0, 0, 0]
[0, 0, 0, 0, 0, 0, 1, 0, 1, 0, 0, 0, 0, 0, 0, 0, 0, 0, 0]
[0, 0, 0, 0, 0, 2, 1, 1, 0, 0, 0, 0, 0, 0, 0, 0, 0, 0, 0]
[0, 0, 0, 0, 0, 2, 2, 2, 1, 0, 0, 0, 0, 0, 0, 0, 0, 0, 0]
[0, 0, 0, 2, 2, 0, 1, 1, 2, 1, 0, 0, 0, 0, 0, 0, 0, 0, 0]
[0, 2, 0, 1, 0, 1, 2, 1, 2, 2, 2, 0, 0, 0, 0, 0, 0, 0, 0]
[0, 0, 1, 0, 2, 2, 1, 1, 1, 2, 0, 0, 0, 0, 0, 0, 0, 0, 0]
[0, 1, 2, 1, 0, 1, 1, 2, 0, 2, 0, 0, 0, 0, 0, 0, 0, 0, 0]
[0, 0, 2, 1, 1, 1, 1, 2, 1, 0, 2, 0, 0, 0, 0, 0, 0, 0, 0]
[0, 0, 0, 2, 2, 1, 0, 1, 2, 2, 0, 0, 0, 0, 0, 0, 0, 0, 0]
[0, 0, 0, 0, 1, 2, 2, 0, 1, 1, 1, 2, 0, 0, 0, 0, 0, 0, 0]
[0, 0, 0, 2, 0, 0, 0, 0, 0, 2, 0, 0, 0, 0, 0, 0, 0, 0, 0]
[0, 0, 0, 0, 0, 0, 0, 0, 0, 0, 0, 0, 0, 0, 0, 0, 0, 0, 0]
[0, 0, 0, 0, 0, 0, 0, 0, 0, 0, 0, 0, 0, 0, 0, 0, 0, 0, 0]
[0, 0, 0, 0, 0, 0, 0, 0, 0, 0, 0, 0, 0, 0, 0, 0, 0, 0, 0]
[0, 0, 0, 0, 0, 0, 0, 0, 0, 0, 0, 0, 0, 0, 0, 0, 0, 0, 0]
[0, 0, 0, 0, 0, 0, 0, 0, 0, 0, 0, 0, 0, 0, 0, 0, 0, 0, 0]
[0, 0, 0, 0, 0, 0, 0, 0, 0, 0, 0, 0, 0, 0, 0, 0, 0, 0, 0]
[0, 0, 0, 0, 0, 0, 0, 0, 0, 0, 0, 0, 0, 0, 0, 0, 0, 0, 0]
MiniMax Cases calculated: 404903 Calculation time: 3050 ms Total White time: 77981 ms
Black: 151 White: 283
White Move: [1, 7]
[0, 0, 0, 0, 0, 2, 0, 0, 0, 0, 0, 0, 0, 0, 0, 0, 0, 0, 0]
[0, 0, 0, 0, 0, 0, 1, 1, 1, 0, 0, 0, 0, 0, 0, 0, 0, 0, 0]
[0, 0, 0, 0, 0, 2, 1, 1, 0, 0, 0, 0, 0, 0, 0, 0, 0, 0, 0]
[0, 0, 0, 0, 0, 2, 2, 2, 1, 0, 0, 0, 0, 0, 0, 0, 0, 0, 0]
[0, 0, 0, 2, 2, 0, 1, 1, 2, 1, 0, 0, 0, 0, 0, 0, 0, 0, 0]
[0, 2, 0, 1, 0, 1, 2, 1, 2, 2, 2, 0, 0, 0, 0, 0, 0, 0, 0]
[0, 0, 1, 0, 2, 2, 1, 1, 1, 2, 0, 0, 0, 0, 0, 0, 0, 0, 0]
[0, 1, 2, 1, 0, 1, 1, 2, 0, 2, 0, 0, 0, 0, 0, 0, 0, 0, 0]
[0, 0, 2, 1, 1, 1, 1, 2, 1, 0, 2, 0, 0, 0, 0, 0, 0, 0, 0]
[0, 0, 0, 2, 2, 1, 0, 1, 2, 2, 0, 0, 0, 0, 0, 0, 0, 0, 0]
[0, 0, 0, 0, 1, 2, 2, 0, 1, 1, 1, 2, 0, 0, 0, 0, 0, 0, 0]
[0, 0, 0, 2, 0, 0, 0, 0, 0, 2, 0, 0, 0, 0, 0, 0, 0, 0, 0]
[0, 0, 0, 0, 0, 0, 0, 0, 0, 0, 0, 0, 0, 0, 0, 0, 0, 0, 0]
[0, 0, 0, 0, 0, 0, 0, 0, 0, 0, 0, 0, 0, 0, 0, 0, 0, 0, 0]
[0, 0, 0, 0, 0, 0, 0, 0, 0, 0, 0, 0, 0, 0, 0, 0, 0, 0, 0]
[0, 0, 0, 0, 0, 0, 0, 0, 0, 0, 0, 0, 0, 0, 0, 0, 0, 0, 0]
[0, 0, 0, 0, 0, 0, 0, 0, 0, 0, 0, 0, 0, 0, 0, 0, 0, 0, 0]
[0, 0, 0, 0, 0, 0, 0, 0, 0, 0, 0, 0, 0, 0, 0, 0, 0, 0, 0]
[0, 0, 0, 0, 0, 0, 0, 0, 0, 0, 0, 0, 0, 0, 0, 0, 0, 0, 0]
MiniMax Cases calculated: 249306 Calculation time: 1973 ms Total Black time: 40939 ms
Black: 1000146 White: 87
Black Move: [1, 5]
[0, 0, 0, 0, 0, 2, 0, 0, 0, 0, 0, 0, 0, 0, 0, 0, 0, 0, 0]
[0, 0, 0, 0, 0, 2, 1, 1, 1, 0, 0, 0, 0, 0, 0, 0, 0, 0, 0]
[0, 0, 0, 0, 0, 2, 1, 1, 0, 0, 0, 0, 0, 0, 0, 0, 0, 0, 0]
[0, 0, 0, 0, 0, 2, 2, 2, 1, 0, 0, 0, 0, 0, 0, 0, 0, 0, 0]
[0, 0, 0, 2, 2, 0, 1, 1, 2, 1, 0, 0, 0, 0, 0, 0, 0, 0, 0]
[0, 2, 0, 1, 0, 1, 2, 1, 2, 2, 2, 0, 0, 0, 0, 0, 0, 0, 0]
[0, 0, 1, 0, 2, 2, 1, 1, 1, 2, 0, 0, 0, 0, 0, 0, 0, 0, 0]
[0, 1, 2, 1, 0, 1, 1, 2, 0, 2, 0, 0, 0, 0, 0, 0, 0, 0, 0]
[0, 0, 2, 1, 1, 1, 1, 2, 1, 0, 2, 0, 0, 0, 0, 0, 0, 0, 0]
[0, 0, 0, 2, 2, 1, 0, 1, 2, 2, 0, 0, 0, 0, 0, 0, 0, 0, 0]
[0, 0, 0, 0, 1, 2, 2, 0, 1, 1, 1, 2, 0, 0, 0, 0, 0, 0, 0]
[0, 0, 0, 2, 0, 0, 0, 0, 0, 2, 0, 0, 0, 0, 0, 0, 0, 0, 0]
[0, 0, 0, 0, 0, 0, 0, 0, 0, 0, 0, 0, 0, 0, 0, 0, 0, 0, 0]
[0, 0, 0, 0, 0, 0, 0, 0, 0, 0, 0, 0, 0, 0, 0, 0, 0, 0, 0]
[0, 0, 0, 0, 0, 0, 0, 0, 0, 0, 0, 0, 0, 0, 0, 0, 0, 0, 0]
[0, 0, 0, 0, 0, 0, 0, 0, 0, 0, 0, 0, 0, 0, 0, 0, 0, 0, 0]
[0, 0, 0, 0, 0, 0, 0, 0, 0, 0, 0, 0, 0, 0, 0, 0, 0, 0, 0]
[0, 0, 0, 0, 0, 0, 0, 0, 0, 0, 0, 0, 0, 0, 0, 0, 0, 0, 0]
[0, 0, 0, 0, 0, 0, 0, 0, 0, 0, 0, 0, 0, 0, 0, 0, 0, 0, 0]
MiniMax Cases calculated: 480257 Calculation time: 4201 ms Total White time: 82182 ms
Black: 1000145 White: 97
White Move: [2, 8]
[0, 0, 0, 0, 0, 2, 0, 0, 0, 0, 0, 0, 0, 0, 0, 0, 0, 0, 0]
[0, 0, 0, 0, 0, 2, 1, 1, 1, 0, 0, 0, 0, 0, 0, 0, 0, 0, 0]
[0, 0, 0, 0, 0, 2, 1, 1, 1, 0, 0, 0, 0, 0, 0, 0, 0, 0, 0]
[0, 0, 0, 0, 0, 2, 2, 2, 1, 0, 0, 0, 0, 0, 0, 0, 0, 0, 0]
[0, 0, 0, 2, 2, 0, 1, 1, 2, 1, 0, 0, 0, 0, 0, 0, 0, 0, 0]
[0, 2, 0, 1, 0, 1, 2, 1, 2, 2, 2, 0, 0, 0, 0, 0, 0, 0, 0]
[0, 0, 1, 0, 2, 2, 1, 1, 1, 2, 0, 0, 0, 0, 0, 0, 0, 0, 0]
[0, 1, 2, 1, 0, 1, 1, 2, 0, 2, 0, 0, 0, 0, 0, 0, 0, 0, 0]
[0, 0, 2, 1, 1, 1, 1, 2, 1, 0, 2, 0, 0, 0, 0, 0, 0, 0, 0]
[0, 0, 0, 2, 2, 1, 0, 1, 2, 2, 0, 0, 0, 0, 0, 0, 0, 0, 0]
[0, 0, 0, 0, 1, 2, 2, 0, 1, 1, 1, 2, 0, 0, 0, 0, 0, 0, 0]
[0, 0, 0, 2, 0, 0, 0, 0, 0, 2, 0, 0, 0, 0, 0, 0, 0, 0, 0]
[0, 0, 0, 0, 0, 0, 0, 0, 0, 0, 0, 0, 0, 0, 0, 0, 0, 0, 0]
[0, 0, 0, 0, 0, 0, 0, 0, 0, 0, 0, 0, 0, 0, 0, 0, 0, 0, 0]
[0, 0, 0, 0, 0, 0, 0, 0, 0, 0, 0, 0, 0, 0, 0, 0, 0, 0, 0]
[0, 0, 0, 0, 0, 0, 0, 0, 0, 0, 0, 0, 0, 0, 0, 0, 0, 0, 0]
[0, 0, 0, 0, 0, 0, 0, 0, 0, 0, 0, 0, 0, 0, 0, 0, 0, 0, 0]
[0, 0, 0, 0, 0, 0, 0, 0, 0, 0, 0, 0, 0, 0, 0, 0, 0, 0, 0]
[0, 0, 0, 0, 0, 0, 0, 0, 0, 0, 0, 0, 0, 0, 0, 0, 0, 0, 0]
MiniMax Cases calculated: 256696 Calculation time: 1933 ms Total Black time: 42872 ms
Black: 1000149 White: 89
Black Move: [2, 9]
[0, 0, 0, 0, 0, 2, 0, 0, 0, 0, 0, 0, 0, 0, 0, 0, 0, 0, 0]
[0, 0, 0, 0, 0, 2, 1, 1, 1, 0, 0, 0, 0, 0, 0, 0, 0, 0, 0]
[0, 0, 0, 0, 0, 2, 1, 1, 1, 2, 0, 0, 0, 0, 0, 0, 0, 0, 0]
[0, 0, 0, 0, 0, 2, 2, 2, 1, 0, 0, 0, 0, 0, 0, 0, 0, 0, 0]
[0, 0, 0, 2, 2, 0, 1, 1, 2, 1, 0, 0, 0, 0, 0, 0, 0, 0, 0]
[0, 2, 0, 1, 0, 1, 2, 1, 2, 2, 2, 0, 0, 0, 0, 0, 0, 0, 0]
[0, 0, 1, 0, 2, 2, 1, 1, 1, 2, 0, 0, 0, 0, 0, 0, 0, 0, 0]
[0, 1, 2, 1, 0, 1, 1, 2, 0, 2, 0, 0, 0, 0, 0, 0, 0, 0, 0]
[0, 0, 2, 1, 1, 1, 1, 2, 1, 0, 2, 0, 0, 0, 0, 0, 0, 0, 0]
[0, 0, 0, 2, 2, 1, 0, 1, 2, 2, 0, 0, 0, 0, 0, 0, 0, 0, 0]
[0, 0, 0, 0, 1, 2, 2, 0, 1, 1, 1, 2, 0, 0, 0, 0, 0, 0, 0]
[0, 0, 0, 2, 0, 0, 0, 0, 0, 2, 0, 0, 0, 0, 0, 0, 0, 0, 0]
[0, 0, 0, 0, 0, 0, 0, 0, 0, 0, 0, 0, 0, 0, 0, 0, 0, 0, 0]
[0, 0, 0, 0, 0, 0, 0, 0, 0, 0, 0, 0, 0, 0, 0, 0, 0, 0, 0]
[0, 0, 0, 0, 0, 0, 0, 0, 0, 0, 0, 0, 0, 0, 0, 0, 0, 0, 0]
[0, 0, 0, 0, 0, 0, 0, 0, 0, 0, 0, 0, 0, 0, 0, 0, 0, 0, 0]
[0, 0, 0, 0, 0, 0, 0, 0, 0, 0, 0, 0, 0, 0, 0, 0, 0, 0, 0]
[0, 0, 0, 0, 0, 0, 0, 0, 0, 0, 0, 0, 0, 0, 0, 0, 0, 0, 0]
[0, 0, 0, 0, 0, 0, 0, 0, 0, 0, 0, 0, 0, 0, 0, 0, 0, 0, 0]
MiniMax Cases calculated: 406214 Calculation time: 2984 ms Total White time: 85166 ms
Black: 1000148 White: 286
White Move: [3, 9]
[0, 0, 0, 0, 0, 2, 0, 0, 0, 0, 0, 0, 0, 0, 0, 0, 0, 0, 0]
[0, 0, 0, 0, 0, 2, 1, 1, 1, 0, 0, 0, 0, 0, 0, 0, 0, 0, 0]
[0, 0, 0, 0, 0, 2, 1, 1, 1, 2, 0, 0, 0, 0, 0, 0, 0, 0, 0]
[0, 0, 0, 0, 0, 2, 2, 2, 1, 1, 0, 0, 0, 0, 0, 0, 0, 0, 0]
[0, 0, 0, 2, 2, 0, 1, 1, 2, 1, 0, 0, 0, 0, 0, 0, 0, 0, 0]
[0, 2, 0, 1, 0, 1, 2, 1, 2, 2, 2, 0, 0, 0, 0, 0, 0, 0, 0]
[0, 0, 1, 0, 2, 2, 1, 1, 1, 2, 0, 0, 0, 0, 0, 0, 0, 0, 0]
[0, 1, 2, 1, 0, 1, 1, 2, 0, 2, 0, 0, 0, 0, 0, 0, 0, 0, 0]
[0, 0, 2, 1, 1, 1, 1, 2, 1, 0, 2, 0, 0, 0, 0, 0, 0, 0, 0]
[0, 0, 0, 2, 2, 1, 0, 1, 2, 2, 0, 0, 0, 0, 0, 0, 0, 0, 0]
[0, 0, 0, 0, 1, 2, 2, 0, 1, 1, 1, 2, 0, 0, 0, 0, 0, 0, 0]
[0, 0, 0, 2, 0, 0, 0, 0, 0, 2, 0, 0, 0, 0, 0, 0, 0, 0, 0]
[0, 0, 0, 0, 0, 0, 0, 0, 0, 0, 0, 0, 0, 0, 0, 0, 0, 0, 0]
[0, 0, 0, 0, 0, 0, 0, 0, 0, 0, 0, 0, 0, 0, 0, 0, 0, 0, 0]
[0, 0, 0, 0, 0, 0, 0, 0, 0, 0, 0, 0, 0, 0, 0, 0, 0, 0, 0]
[0, 0, 0, 0, 0, 0, 0, 0, 0, 0, 0, 0, 0, 0, 0, 0, 0, 0, 0]
[0, 0, 0, 0, 0, 0, 0, 0, 0, 0, 0, 0, 0, 0, 0, 0, 0, 0, 0]
[0, 0, 0, 0, 0, 0, 0, 0, 0, 0, 0, 0, 0, 0, 0, 0, 0, 0, 0]
[0, 0, 0, 0, 0, 0, 0, 0, 0, 0, 0, 0, 0, 0, 0, 0, 0, 0, 0]
MiniMax Cases calculated: 153672 Calculation time: 1124 ms Total Black time: 43996 ms
Black: 1000158 White: 90
Black Move: [4, 10]
[0, 0, 0, 0, 0, 2, 0, 0, 0, 0, 0, 0, 0, 0, 0, 0, 0, 0, 0]
[0, 0, 0, 0, 0, 2, 1, 1, 1, 0, 0, 0, 0, 0, 0, 0, 0, 0, 0]
[0, 0, 0, 0, 0, 2, 1, 1, 1, 2, 0, 0, 0, 0, 0, 0, 0, 0, 0]
[0, 0, 0, 0, 0, 2, 2, 2, 1, 1, 0, 0, 0, 0, 0, 0, 0, 0, 0]
[0, 0, 0, 2, 2, 0, 1, 1, 2, 1, 2, 0, 0, 0, 0, 0, 0, 0, 0]
[0, 2, 0, 1, 0, 1, 2, 1, 2, 2, 2, 0, 0, 0, 0, 0, 0, 0, 0]
[0, 0, 1, 0, 2, 2, 1, 1, 1, 2, 0, 0, 0, 0, 0, 0, 0, 0, 0]
[0, 1, 2, 1, 0, 1, 1, 2, 0, 2, 0, 0, 0, 0, 0, 0, 0, 0, 0]
[0, 0, 2, 1, 1, 1, 1, 2, 1, 0, 2, 0, 0, 0, 0, 0, 0, 0, 0]
[0, 0, 0, 2, 2, 1, 0, 1, 2, 2, 0, 0, 0, 0, 0, 0, 0, 0, 0]
[0, 0, 0, 0, 1, 2, 2, 0, 1, 1, 1, 2, 0, 0, 0, 0, 0, 0, 0]
[0, 0, 0, 2, 0, 0, 0, 0, 0, 2, 0, 0, 0, 0, 0, 0, 0, 0, 0]
[0, 0, 0, 0, 0, 0, 0, 0, 0, 0, 0, 0, 0, 0, 0, 0, 0, 0, 0]
[0, 0, 0, 0, 0, 0, 0, 0, 0, 0, 0, 0, 0, 0, 0, 0, 0, 0, 0]
[0, 0, 0, 0, 0, 0, 0, 0, 0, 0, 0, 0, 0, 0, 0, 0, 0, 0, 0]
[0, 0, 0, 0, 0, 0, 0, 0, 0, 0, 0, 0, 0, 0, 0, 0, 0, 0, 0]
[0, 0, 0, 0, 0, 0, 0, 0, 0, 0, 0, 0, 0, 0, 0, 0, 0, 0, 0]
[0, 0, 0, 0, 0, 0, 0, 0, 0, 0, 0, 0, 0, 0, 0, 0, 0, 0, 0]
[0, 0, 0, 0, 0, 0, 0, 0, 0, 0, 0, 0, 0, 0, 0, 0, 0, 0, 0]
MiniMax Cases calculated: 396939 Calculation time: 3024 ms Total White time: 88190 ms
Black: 1000155 White: 98
White Move: [9, 10]
[0, 0, 0, 0, 0, 2, 0, 0, 0, 0, 0, 0, 0, 0, 0, 0, 0, 0, 0]
[0, 0, 0, 0, 0, 2, 1, 1, 1, 0, 0, 0, 0, 0, 0, 0, 0, 0, 0]
[0, 0, 0, 0, 0, 2, 1, 1, 1, 2, 0, 0, 0, 0, 0, 0, 0, 0, 0]
[0, 0, 0, 0, 0, 2, 2, 2, 1, 1, 0, 0, 0, 0, 0, 0, 0, 0, 0]
[0, 0, 0, 2, 2, 0, 1, 1, 2, 1, 2, 0, 0, 0, 0, 0, 0, 0, 0]
[0, 2, 0, 1, 0, 1, 2, 1, 2, 2, 2, 0, 0, 0, 0, 0, 0, 0, 0]
[0, 0, 1, 0, 2, 2, 1, 1, 1, 2, 0, 0, 0, 0, 0, 0, 0, 0, 0]
[0, 1, 2, 1, 0, 1, 1, 2, 0, 2, 0, 0, 0, 0, 0, 0, 0, 0, 0]
[0, 0, 2, 1, 1, 1, 1, 2, 1, 0, 2, 0, 0, 0, 0, 0, 0, 0, 0]
[0, 0, 0, 2, 2, 1, 0, 1, 2, 2, 1, 0, 0, 0, 0, 0, 0, 0, 0]
[0, 0, 0, 0, 1, 2, 2, 0, 1, 1, 1, 2, 0, 0, 0, 0, 0, 0, 0]
[0, 0, 0, 2, 0, 0, 0, 0, 0, 2, 0, 0, 0, 0, 0, 0, 0, 0, 0]
[0, 0, 0, 0, 0, 0, 0, 0, 0, 0, 0, 0, 0, 0, 0, 0, 0, 0, 0]
[0, 0, 0, 0, 0, 0, 0, 0, 0, 0, 0, 0, 0, 0, 0, 0, 0, 0, 0]
[0, 0, 0, 0, 0, 0, 0, 0, 0, 0, 0, 0, 0, 0, 0, 0, 0, 0, 0]
[0, 0, 0, 0, 0, 0, 0, 0, 0, 0, 0, 0, 0, 0, 0, 0, 0, 0, 0]
[0, 0, 0, 0, 0, 0, 0, 0, 0, 0, 0, 0, 0, 0, 0, 0, 0, 0, 0]
[0, 0, 0, 0, 0, 0, 0, 0, 0, 0, 0, 0, 0, 0, 0, 0, 0, 0, 0]
[0, 0, 0, 0, 0, 0, 0, 0, 0, 0, 0, 0, 0, 0, 0, 0, 0, 0, 0]
MiniMax Cases calculated: 374238 Calculation time: 2744 ms Total Black time: 46740 ms
Black: 1000164 White: 96
Black Move: [8, 11]
[0, 0, 0, 0, 0, 2, 0, 0, 0, 0, 0, 0, 0, 0, 0, 0, 0, 0, 0]
[0, 0, 0, 0, 0, 2, 1, 1, 1, 0, 0, 0, 0, 0, 0, 0, 0, 0, 0]
[0, 0, 0, 0, 0, 2, 1, 1, 1, 2, 0, 0, 0, 0, 0, 0, 0, 0, 0]
[0, 0, 0, 0, 0, 2, 2, 2, 1, 1, 0, 0, 0, 0, 0, 0, 0, 0, 0]
[0, 0, 0, 2, 2, 0, 1, 1, 2, 1, 2, 0, 0, 0, 0, 0, 0, 0, 0]
[0, 2, 0, 1, 0, 1, 2, 1, 2, 2, 2, 0, 0, 0, 0, 0, 0, 0, 0]
[0, 0, 1, 0, 2, 2, 1, 1, 1, 2, 0, 0, 0, 0, 0, 0, 0, 0, 0]
[0, 1, 2, 1, 0, 1, 1, 2, 0, 2, 0, 0, 0, 0, 0, 0, 0, 0, 0]
[0, 0, 2, 1, 1, 1, 1, 2, 1, 0, 2, 2, 0, 0, 0, 0, 0, 0, 0]
[0, 0, 0, 2, 2, 1, 0, 1, 2, 2, 1, 0, 0, 0, 0, 0, 0, 0, 0]
[0, 0, 0, 0, 1, 2, 2, 0, 1, 1, 1, 2, 0, 0, 0, 0, 0, 0, 0]
[0, 0, 0, 2, 0, 0, 0, 0, 0, 2, 0, 0, 0, 0, 0, 0, 0, 0, 0]
[0, 0, 0, 0, 0, 0, 0, 0, 0, 0, 0, 0, 0, 0, 0, 0, 0, 0, 0]
[0, 0, 0, 0, 0, 0, 0, 0, 0, 0, 0, 0, 0, 0, 0, 0, 0, 0, 0]
[0, 0, 0, 0, 0, 0, 0, 0, 0, 0, 0, 0, 0, 0, 0, 0, 0, 0, 0]
[0, 0, 0, 0, 0, 0, 0, 0, 0, 0, 0, 0, 0, 0, 0, 0, 0, 0, 0]
[0, 0, 0, 0, 0, 0, 0, 0, 0, 0, 0, 0, 0, 0, 0, 0, 0, 0, 0]
[0, 0, 0, 0, 0, 0, 0, 0, 0, 0, 0, 0, 0, 0, 0, 0, 0, 0, 0]
[0, 0, 0, 0, 0, 0, 0, 0, 0, 0, 0, 0, 0, 0, 0, 0, 0, 0, 0]
MiniMax Cases calculated: 385462 Calculation time: 2911 ms Total White time: 91101 ms
Black: 1000163 White: 103
White Move: [8, 1]
[0, 0, 0, 0, 0, 2, 0, 0, 0, 0, 0, 0, 0, 0, 0, 0, 0, 0, 0]
[0, 0, 0, 0, 0, 2, 1, 1, 1, 0, 0, 0, 0, 0, 0, 0, 0, 0, 0]
[0, 0, 0, 0, 0, 2, 1, 1, 1, 2, 0, 0, 0, 0, 0, 0, 0, 0, 0]
[0, 0, 0, 0, 0, 2, 2, 2, 1, 1, 0, 0, 0, 0, 0, 0, 0, 0, 0]
[0, 0, 0, 2, 2, 0, 1, 1, 2, 1, 2, 0, 0, 0, 0, 0, 0, 0, 0]
[0, 2, 0, 1, 0, 1, 2, 1, 2, 2, 2, 0, 0, 0, 0, 0, 0, 0, 0]
[0, 0, 1, 0, 2, 2, 1, 1, 1, 2, 0, 0, 0, 0, 0, 0, 0, 0, 0]
[0, 1, 2, 1, 0, 1, 1, 2, 0, 2, 0, 0, 0, 0, 0, 0, 0, 0, 0]
[0, 1, 2, 1, 1, 1, 1, 2, 1, 0, 2, 2, 0, 0, 0, 0, 0, 0, 0]
[0, 0, 0, 2, 2, 1, 0, 1, 2, 2, 1, 0, 0, 0, 0, 0, 0, 0, 0]
[0, 0, 0, 0, 1, 2, 2, 0, 1, 1, 1, 2, 0, 0, 0, 0, 0, 0, 0]
[0, 0, 0, 2, 0, 0, 0, 0, 0, 2, 0, 0, 0, 0, 0, 0, 0, 0, 0]
[0, 0, 0, 0, 0, 0, 0, 0, 0, 0, 0, 0, 0, 0, 0, 0, 0, 0, 0]
[0, 0, 0, 0, 0, 0, 0, 0, 0, 0, 0, 0, 0, 0, 0, 0, 0, 0, 0]
[0, 0, 0, 0, 0, 0, 0, 0, 0, 0, 0, 0, 0, 0, 0, 0, 0, 0, 0]
[0, 0, 0, 0, 0, 0, 0, 0, 0, 0, 0, 0, 0, 0, 0, 0, 0, 0, 0]
[0, 0, 0, 0, 0, 0, 0, 0, 0, 0, 0, 0, 0, 0, 0, 0, 0, 0, 0]
[0, 0, 0, 0, 0, 0, 0, 0, 0, 0, 0, 0, 0, 0, 0, 0, 0, 0, 0]
[0, 0, 0, 0, 0, 0, 0, 0, 0, 0, 0, 0, 0, 0, 0, 0, 0, 0, 0]
MiniMax Cases calculated: 378228 Calculation time: 2902 ms Total Black time: 49642 ms
Black: 1000168 White: 101
Black Move: [9, 1]
[0, 0, 0, 0, 0, 2, 0, 0, 0, 0, 0, 0, 0, 0, 0, 0, 0, 0, 0]
[0, 0, 0, 0, 0, 2, 1, 1, 1, 0, 0, 0, 0, 0, 0, 0, 0, 0, 0]
[0, 0, 0, 0, 0, 2, 1, 1, 1, 2, 0, 0, 0, 0, 0, 0, 0, 0, 0]
[0, 0, 0, 0, 0, 2, 2, 2, 1, 1, 0, 0, 0, 0, 0, 0, 0, 0, 0]
[0, 0, 0, 2, 2, 0, 1, 1, 2, 1, 2, 0, 0, 0, 0, 0, 0, 0, 0]
[0, 2, 0, 1, 0, 1, 2, 1, 2, 2, 2, 0, 0, 0, 0, 0, 0, 0, 0]
[0, 0, 1, 0, 2, 2, 1, 1, 1, 2, 0, 0, 0, 0, 0, 0, 0, 0, 0]
[0, 1, 2, 1, 0, 1, 1, 2, 0, 2, 0, 0, 0, 0, 0, 0, 0, 0, 0]
[0, 1, 2, 1, 1, 1, 1, 2, 1, 0, 2, 2, 0, 0, 0, 0, 0, 0, 0]
[0, 2, 0, 2, 2, 1, 0, 1, 2, 2, 1, 0, 0, 0, 0, 0, 0, 0, 0]
[0, 0, 0, 0, 1, 2, 2, 0, 1, 1, 1, 2, 0, 0, 0, 0, 0, 0, 0]
[0, 0, 0, 2, 0, 0, 0, 0, 0, 2, 0, 0, 0, 0, 0, 0, 0, 0, 0]
[0, 0, 0, 0, 0, 0, 0, 0, 0, 0, 0, 0, 0, 0, 0, 0, 0, 0, 0]
[0, 0, 0, 0, 0, 0, 0, 0, 0, 0, 0, 0, 0, 0, 0, 0, 0, 0, 0]
[0, 0, 0, 0, 0, 0, 0, 0, 0, 0, 0, 0, 0, 0, 0, 0, 0, 0, 0]
[0, 0, 0, 0, 0, 0, 0, 0, 0, 0, 0, 0, 0, 0, 0, 0, 0, 0, 0]
[0, 0, 0, 0, 0, 0, 0, 0, 0, 0, 0, 0, 0, 0, 0, 0, 0, 0, 0]
[0, 0, 0, 0, 0, 0, 0, 0, 0, 0, 0, 0, 0, 0, 0, 0, 0, 0, 0]
[0, 0, 0, 0, 0, 0, 0, 0, 0, 0, 0, 0, 0, 0, 0, 0, 0, 0, 0]
MiniMax Cases calculated: 388099 Calculation time: 3017 ms Total White time: 94118 ms
Black: 1000162 White: 110
White Move: [9, 2]
[0, 0, 0, 0, 0, 2, 0, 0, 0, 0, 0, 0, 0, 0, 0, 0, 0, 0, 0]
[0, 0, 0, 0, 0, 2, 1, 1, 1, 0, 0, 0, 0, 0, 0, 0, 0, 0, 0]
[0, 0, 0, 0, 0, 2, 1, 1, 1, 2, 0, 0, 0, 0, 0, 0, 0, 0, 0]
[0, 0, 0, 0, 0, 2, 2, 2, 1, 1, 0, 0, 0, 0, 0, 0, 0, 0, 0]
[0, 0, 0, 2, 2, 0, 1, 1, 2, 1, 2, 0, 0, 0, 0, 0, 0, 0, 0]
[0, 2, 0, 1, 0, 1, 2, 1, 2, 2, 2, 0, 0, 0, 0, 0, 0, 0, 0]
[0, 0, 1, 0, 2, 2, 1, 1, 1, 2, 0, 0, 0, 0, 0, 0, 0, 0, 0]
[0, 1, 2, 1, 0, 1, 1, 2, 0, 2, 0, 0, 0, 0, 0, 0, 0, 0, 0]
[0, 1, 2, 1, 1, 1, 1, 2, 1, 0, 2, 2, 0, 0, 0, 0, 0, 0, 0]
[0, 2, 1, 2, 2, 1, 0, 1, 2, 2, 1, 0, 0, 0, 0, 0, 0, 0, 0]
[0, 0, 0, 0, 1, 2, 2, 0, 1, 1, 1, 2, 0, 0, 0, 0, 0, 0, 0]
[0, 0, 0, 2, 0, 0, 0, 0, 0, 2, 0, 0, 0, 0, 0, 0, 0, 0, 0]
[0, 0, 0, 0, 0, 0, 0, 0, 0, 0, 0, 0, 0, 0, 0, 0, 0, 0, 0]
[0, 0, 0, 0, 0, 0, 0, 0, 0, 0, 0, 0, 0, 0, 0, 0, 0, 0, 0]
[0, 0, 0, 0, 0, 0, 0, 0, 0, 0, 0, 0, 0, 0, 0, 0, 0, 0, 0]
[0, 0, 0, 0, 0, 0, 0, 0, 0, 0, 0, 0, 0, 0, 0, 0, 0, 0, 0]
[0, 0, 0, 0, 0, 0, 0, 0, 0, 0, 0, 0, 0, 0, 0, 0, 0, 0, 0]
[0, 0, 0, 0, 0, 0, 0, 0, 0, 0, 0, 0, 0, 0, 0, 0, 0, 0, 0]
[0, 0, 0, 0, 0, 0, 0, 0, 0, 0, 0, 0, 0, 0, 0, 0, 0, 0, 0]
MiniMax Cases calculated: 405375 Calculation time: 3044 ms Total Black time: 52686 ms
Black: 1000174 White: 107
Black Move: [10, 3]
[0, 0, 0, 0, 0, 2, 0, 0, 0, 0, 0, 0, 0, 0, 0, 0, 0, 0, 0]
[0, 0, 0, 0, 0, 2, 1, 1, 1, 0, 0, 0, 0, 0, 0, 0, 0, 0, 0]
[0, 0, 0, 0, 0, 2, 1, 1, 1, 2, 0, 0, 0, 0, 0, 0, 0, 0, 0]
[0, 0, 0, 0, 0, 2, 2, 2, 1, 1, 0, 0, 0, 0, 0, 0, 0, 0, 0]
[0, 0, 0, 2, 2, 0, 1, 1, 2, 1, 2, 0, 0, 0, 0, 0, 0, 0, 0]
[0, 2, 0, 1, 0, 1, 2, 1, 2, 2, 2, 0, 0, 0, 0, 0, 0, 0, 0]
[0, 0, 1, 0, 2, 2, 1, 1, 1, 2, 0, 0, 0, 0, 0, 0, 0, 0, 0]
[0, 1, 2, 1, 0, 1, 1, 2, 0, 2, 0, 0, 0, 0, 0, 0, 0, 0, 0]
[0, 1, 2, 1, 1, 1, 1, 2, 1, 0, 2, 2, 0, 0, 0, 0, 0, 0, 0]
[0, 2, 1, 2, 2, 1, 0, 1, 2, 2, 1, 0, 0, 0, 0, 0, 0, 0, 0]
[0, 0, 0, 2, 1, 2, 2, 0, 1, 1, 1, 2, 0, 0, 0, 0, 0, 0, 0]
[0, 0, 0, 2, 0, 0, 0, 0, 0, 2, 0, 0, 0, 0, 0, 0, 0, 0, 0]
[0, 0, 0, 0, 0, 0, 0, 0, 0, 0, 0, 0, 0, 0, 0, 0, 0, 0, 0]
[0, 0, 0, 0, 0, 0, 0, 0, 0, 0, 0, 0, 0, 0, 0, 0, 0, 0, 0]
[0, 0, 0, 0, 0, 0, 0, 0, 0, 0, 0, 0, 0, 0, 0, 0, 0, 0, 0]
[0, 0, 0, 0, 0, 0, 0, 0, 0, 0, 0, 0, 0, 0, 0, 0, 0, 0, 0]
[0, 0, 0, 0, 0, 0, 0, 0, 0, 0, 0, 0, 0, 0, 0, 0, 0, 0, 0]
[0, 0, 0, 0, 0, 0, 0, 0, 0, 0, 0, 0, 0, 0, 0, 0, 0, 0, 0]
[0, 0, 0, 0, 0, 0, 0, 0, 0, 0, 0, 0, 0, 0, 0, 0, 0, 0, 0]
MiniMax Cases calculated: 361749 Calculation time: 2695 ms Total White time: 96813 ms
Black: 1000173 White: 306
White Move: [1, 9]
[0, 0, 0, 0, 0, 2, 0, 0, 0, 0, 0, 0, 0, 0, 0, 0, 0, 0, 0]
[0, 0, 0, 0, 0, 2, 1, 1, 1, 1, 0, 0, 0, 0, 0, 0, 0, 0, 0]
[0, 0, 0, 0, 0, 2, 1, 1, 1, 2, 0, 0, 0, 0, 0, 0, 0, 0, 0]
[0, 0, 0, 0, 0, 2, 2, 2, 1, 1, 0, 0, 0, 0, 0, 0, 0, 0, 0]
[0, 0, 0, 2, 2, 0, 1, 1, 2, 1, 2, 0, 0, 0, 0, 0, 0, 0, 0]
[0, 2, 0, 1, 0, 1, 2, 1, 2, 2, 2, 0, 0, 0, 0, 0, 0, 0, 0]
[0, 0, 1, 0, 2, 2, 1, 1, 1, 2, 0, 0, 0, 0, 0, 0, 0, 0, 0]
[0, 1, 2, 1, 0, 1, 1, 2, 0, 2, 0, 0, 0, 0, 0, 0, 0, 0, 0]
[0, 1, 2, 1, 1, 1, 1, 2, 1, 0, 2, 2, 0, 0, 0, 0, 0, 0, 0]
[0, 2, 1, 2, 2, 1, 0, 1, 2, 2, 1, 0, 0, 0, 0, 0, 0, 0, 0]
[0, 0, 0, 2, 1, 2, 2, 0, 1, 1, 1, 2, 0, 0, 0, 0, 0, 0, 0]
[0, 0, 0, 2, 0, 0, 0, 0, 0, 2, 0, 0, 0, 0, 0, 0, 0, 0, 0]
[0, 0, 0, 0, 0, 0, 0, 0, 0, 0, 0, 0, 0, 0, 0, 0, 0, 0, 0]
[0, 0, 0, 0, 0, 0, 0, 0, 0, 0, 0, 0, 0, 0, 0, 0, 0, 0, 0]
[0, 0, 0, 0, 0, 0, 0, 0, 0, 0, 0, 0, 0, 0, 0, 0, 0, 0, 0]
[0, 0, 0, 0, 0, 0, 0, 0, 0, 0, 0, 0, 0, 0, 0, 0, 0, 0, 0]
[0, 0, 0, 0, 0, 0, 0, 0, 0, 0, 0, 0, 0, 0, 0, 0, 0, 0, 0]
[0, 0, 0, 0, 0, 0, 0, 0, 0, 0, 0, 0, 0, 0, 0, 0, 0, 0, 0]
[0, 0, 0, 0, 0, 0, 0, 0, 0, 0, 0, 0, 0, 0, 0, 0, 0, 0, 0]
Finisher!
MiniMax Cases calculated: 8 Calculation time: 0 ms Total Black time: 52686 ms
Black: 1000178 White: 106
Black Move: [1, 10]
[0, 0, 0, 0, 0, 2, 0, 0, 0, 0, 0, 0, 0, 0, 0, 0, 0, 0, 0]
[0, 0, 0, 0, 0, 2, 1, 1, 1, 1, 2, 0, 0, 0, 0, 0, 0, 0, 0]
[0, 0, 0, 0, 0, 2, 1, 1, 1, 2, 0, 0, 0, 0, 0, 0, 0, 0, 0]
[0, 0, 0, 0, 0, 2, 2, 2, 1, 1, 0, 0, 0, 0, 0, 0, 0, 0, 0]
[0, 0, 0, 2, 2, 0, 1, 1, 2, 1, 2, 0, 0, 0, 0, 0, 0, 0, 0]
[0, 2, 0, 1, 0, 1, 2, 1, 2, 2, 2, 0, 0, 0, 0, 0, 0, 0, 0]
[0, 0, 1, 0, 2, 2, 1, 1, 1, 2, 0, 0, 0, 0, 0, 0, 0, 0, 0]
[0, 1, 2, 1, 0, 1, 1, 2, 0, 2, 0, 0, 0, 0, 0, 0, 0, 0, 0]
[0, 1, 2, 1, 1, 1, 1, 2, 1, 0, 2, 2, 0, 0, 0, 0, 0, 0, 0]
[0, 2, 1, 2, 2, 1, 0, 1, 2, 2, 1, 0, 0, 0, 0, 0, 0, 0, 0]
[0, 0, 0, 2, 1, 2, 2, 0, 1, 1, 1, 2, 0, 0, 0, 0, 0, 0, 0]
[0, 0, 0, 2, 0, 0, 0, 0, 0, 2, 0, 0, 0, 0, 0, 0, 0, 0, 0]
[0, 0, 0, 0, 0, 0, 0, 0, 0, 0, 0, 0, 0, 0, 0, 0, 0, 0, 0]
[0, 0, 0, 0, 0, 0, 0, 0, 0, 0, 0, 0, 0, 0, 0, 0, 0, 0, 0]
[0, 0, 0, 0, 0, 0, 0, 0, 0, 0, 0, 0, 0, 0, 0, 0, 0, 0, 0]
[0, 0, 0, 0, 0, 0, 0, 0, 0, 0, 0, 0, 0, 0, 0, 0, 0, 0, 0]
[0, 0, 0, 0, 0, 0, 0, 0, 0, 0, 0, 0, 0, 0, 0, 0, 0, 0, 0]
[0, 0, 0, 0, 0, 0, 0, 0, 0, 0, 0, 0, 0, 0, 0, 0, 0, 0, 0]
[0, 0, 0, 0, 0, 0, 0, 0, 0, 0, 0, 0, 0, 0, 0, 0, 0, 0, 0]
MiniMax Cases calculated: 1520393 Calculation time: 11497 ms Total White time: 108310 ms
Black: 1000173 White: 112
White Move: [3, 10]
[0, 0, 0, 0, 0, 2, 0, 0, 0, 0, 0, 0, 0, 0, 0, 0, 0, 0, 0]
[0, 0, 0, 0, 0, 2, 1, 1, 1, 1, 2, 0, 0, 0, 0, 0, 0, 0, 0]
[0, 0, 0, 0, 0, 2, 1, 1, 1, 2, 0, 0, 0, 0, 0, 0, 0, 0, 0]
[0, 0, 0, 0, 0, 2, 2, 2, 1, 1, 1, 0, 0, 0, 0, 0, 0, 0, 0]
[0, 0, 0, 2, 2, 0, 1, 1, 2, 1, 2, 0, 0, 0, 0, 0, 0, 0, 0]
[0, 2, 0, 1, 0, 1, 2, 1, 2, 2, 2, 0, 0, 0, 0, 0, 0, 0, 0]
[0, 0, 1, 0, 2, 2, 1, 1, 1, 2, 0, 0, 0, 0, 0, 0, 0, 0, 0]
[0, 1, 2, 1, 0, 1, 1, 2, 0, 2, 0, 0, 0, 0, 0, 0, 0, 0, 0]
[0, 1, 2, 1, 1, 1, 1, 2, 1, 0, 2, 2, 0, 0, 0, 0, 0, 0, 0]
[0, 2, 1, 2, 2, 1, 0, 1, 2, 2, 1, 0, 0, 0, 0, 0, 0, 0, 0]
[0, 0, 0, 2, 1, 2, 2, 0, 1, 1, 1, 2, 0, 0, 0, 0, 0, 0, 0]
[0, 0, 0, 2, 0, 0, 0, 0, 0, 2, 0, 0, 0, 0, 0, 0, 0, 0, 0]
[0, 0, 0, 0, 0, 0, 0, 0, 0, 0, 0, 0, 0, 0, 0, 0, 0, 0, 0]
[0, 0, 0, 0, 0, 0, 0, 0, 0, 0, 0, 0, 0, 0, 0, 0, 0, 0, 0]
[0, 0, 0, 0, 0, 0, 0, 0, 0, 0, 0, 0, 0, 0, 0, 0, 0, 0, 0]
[0, 0, 0, 0, 0, 0, 0, 0, 0, 0, 0, 0, 0, 0, 0, 0, 0, 0, 0]
[0, 0, 0, 0, 0, 0, 0, 0, 0, 0, 0, 0, 0, 0, 0, 0, 0, 0, 0]
[0, 0, 0, 0, 0, 0, 0, 0, 0, 0, 0, 0, 0, 0, 0, 0, 0, 0, 0]
[0, 0, 0, 0, 0, 0, 0, 0, 0, 0, 0, 0, 0, 0, 0, 0, 0, 0, 0]
MiniMax Cases calculated: 707679 Calculation time: 5313 ms Total Black time: 57999 ms
Black: 1000183 White: 107
Black Move: [3, 11]
[0, 0, 0, 0, 0, 2, 0, 0, 0, 0, 0, 0, 0, 0, 0, 0, 0, 0, 0]
[0, 0, 0, 0, 0, 2, 1, 1, 1, 1, 2, 0, 0, 0, 0, 0, 0, 0, 0]
[0, 0, 0, 0, 0, 2, 1, 1, 1, 2, 0, 0, 0, 0, 0, 0, 0, 0, 0]
[0, 0, 0, 0, 0, 2, 2, 2, 1, 1, 1, 2, 0, 0, 0, 0, 0, 0, 0]
[0, 0, 0, 2, 2, 0, 1, 1, 2, 1, 2, 0, 0, 0, 0, 0, 0, 0, 0]
[0, 2, 0, 1, 0, 1, 2, 1, 2, 2, 2, 0, 0, 0, 0, 0, 0, 0, 0]
[0, 0, 1, 0, 2, 2, 1, 1, 1, 2, 0, 0, 0, 0, 0, 0, 0, 0, 0]
[0, 1, 2, 1, 0, 1, 1, 2, 0, 2, 0, 0, 0, 0, 0, 0, 0, 0, 0]
[0, 1, 2, 1, 1, 1, 1, 2, 1, 0, 2, 2, 0, 0, 0, 0, 0, 0, 0]
[0, 2, 1, 2, 2, 1, 0, 1, 2, 2, 1, 0, 0, 0, 0, 0, 0, 0, 0]
[0, 0, 0, 2, 1, 2, 2, 0, 1, 1, 1, 2, 0, 0, 0, 0, 0, 0, 0]
[0, 0, 0, 2, 0, 0, 0, 0, 0, 2, 0, 0, 0, 0, 0, 0, 0, 0, 0]
[0, 0, 0, 0, 0, 0, 0, 0, 0, 0, 0, 0, 0, 0, 0, 0, 0, 0, 0]
[0, 0, 0, 0, 0, 0, 0, 0, 0, 0, 0, 0, 0, 0, 0, 0, 0, 0, 0]
[0, 0, 0, 0, 0, 0, 0, 0, 0, 0, 0, 0, 0, 0, 0, 0, 0, 0, 0]
[0, 0, 0, 0, 0, 0, 0, 0, 0, 0, 0, 0, 0, 0, 0, 0, 0, 0, 0]
[0, 0, 0, 0, 0, 0, 0, 0, 0, 0, 0, 0, 0, 0, 0, 0, 0, 0, 0]
[0, 0, 0, 0, 0, 0, 0, 0, 0, 0, 0, 0, 0, 0, 0, 0, 0, 0, 0]
[0, 0, 0, 0, 0, 0, 0, 0, 0, 0, 0, 0, 0, 0, 0, 0, 0, 0, 0]
MiniMax Cases calculated: 1598079 Calculation time: 12335 ms Total White time: 120645 ms
Black: 1000182 White: 305
White Move: [10, 1]
[0, 0, 0, 0, 0, 2, 0, 0, 0, 0, 0, 0, 0, 0, 0, 0, 0, 0, 0]
[0, 0, 0, 0, 0, 2, 1, 1, 1, 1, 2, 0, 0, 0, 0, 0, 0, 0, 0]
[0, 0, 0, 0, 0, 2, 1, 1, 1, 2, 0, 0, 0, 0, 0, 0, 0, 0, 0]
[0, 0, 0, 0, 0, 2, 2, 2, 1, 1, 1, 2, 0, 0, 0, 0, 0, 0, 0]
[0, 0, 0, 2, 2, 0, 1, 1, 2, 1, 2, 0, 0, 0, 0, 0, 0, 0, 0]
[0, 2, 0, 1, 0, 1, 2, 1, 2, 2, 2, 0, 0, 0, 0, 0, 0, 0, 0]
[0, 0, 1, 0, 2, 2, 1, 1, 1, 2, 0, 0, 0, 0, 0, 0, 0, 0, 0]
[0, 1, 2, 1, 0, 1, 1, 2, 0, 2, 0, 0, 0, 0, 0, 0, 0, 0, 0]
[0, 1, 2, 1, 1, 1, 1, 2, 1, 0, 2, 2, 0, 0, 0, 0, 0, 0, 0]
[0, 2, 1, 2, 2, 1, 0, 1, 2, 2, 1, 0, 0, 0, 0, 0, 0, 0, 0]
[0, 1, 0, 2, 1, 2, 2, 0, 1, 1, 1, 2, 0, 0, 0, 0, 0, 0, 0]
[0, 0, 0, 2, 0, 0, 0, 0, 0, 2, 0, 0, 0, 0, 0, 0, 0, 0, 0]
[0, 0, 0, 0, 0, 0, 0, 0, 0, 0, 0, 0, 0, 0, 0, 0, 0, 0, 0]
[0, 0, 0, 0, 0, 0, 0, 0, 0, 0, 0, 0, 0, 0, 0, 0, 0, 0, 0]
[0, 0, 0, 0, 0, 0, 0, 0, 0, 0, 0, 0, 0, 0, 0, 0, 0, 0, 0]
[0, 0, 0, 0, 0, 0, 0, 0, 0, 0, 0, 0, 0, 0, 0, 0, 0, 0, 0]
[0, 0, 0, 0, 0, 0, 0, 0, 0, 0, 0, 0, 0, 0, 0, 0, 0, 0, 0]
[0, 0, 0, 0, 0, 0, 0, 0, 0, 0, 0, 0, 0, 0, 0, 0, 0, 0, 0]
[0, 0, 0, 0, 0, 0, 0, 0, 0, 0, 0, 0, 0, 0, 0, 0, 0, 0, 0]
MiniMax Cases calculated: 1605065 Calculation time: 12256 ms Total Black time: 70255 ms
Black: 1000196 White: 301
Black Move: [11, 10]
[0, 0, 0, 0, 0, 2, 0, 0, 0, 0, 0, 0, 0, 0, 0, 0, 0, 0, 0]
[0, 0, 0, 0, 0, 2, 1, 1, 1, 1, 2, 0, 0, 0, 0, 0, 0, 0, 0]
[0, 0, 0, 0, 0, 2, 1, 1, 1, 2, 0, 0, 0, 0, 0, 0, 0, 0, 0]
[0, 0, 0, 0, 0, 2, 2, 2, 1, 1, 1, 2, 0, 0, 0, 0, 0, 0, 0]
[0, 0, 0, 2, 2, 0, 1, 1, 2, 1, 2, 0, 0, 0, 0, 0, 0, 0, 0]
[0, 2, 0, 1, 0, 1, 2, 1, 2, 2, 2, 0, 0, 0, 0, 0, 0, 0, 0]
[0, 0, 1, 0, 2, 2, 1, 1, 1, 2, 0, 0, 0, 0, 0, 0, 0, 0, 0]
[0, 1, 2, 1, 0, 1, 1, 2, 0, 2, 0, 0, 0, 0, 0, 0, 0, 0, 0]
[0, 1, 2, 1, 1, 1, 1, 2, 1, 0, 2, 2, 0, 0, 0, 0, 0, 0, 0]
[0, 2, 1, 2, 2, 1, 0, 1, 2, 2, 1, 0, 0, 0, 0, 0, 0, 0, 0]
[0, 1, 0, 2, 1, 2, 2, 0, 1, 1, 1, 2, 0, 0, 0, 0, 0, 0, 0]
[0, 0, 0, 2, 0, 0, 0, 0, 0, 2, 2, 0, 0, 0, 0, 0, 0, 0, 0]
[0, 0, 0, 0, 0, 0, 0, 0, 0, 0, 0, 0, 0, 0, 0, 0, 0, 0, 0]
[0, 0, 0, 0, 0, 0, 0, 0, 0, 0, 0, 0, 0, 0, 0, 0, 0, 0, 0]
[0, 0, 0, 0, 0, 0, 0, 0, 0, 0, 0, 0, 0, 0, 0, 0, 0, 0, 0]
[0, 0, 0, 0, 0, 0, 0, 0, 0, 0, 0, 0, 0, 0, 0, 0, 0, 0, 0]
[0, 0, 0, 0, 0, 0, 0, 0, 0, 0, 0, 0, 0, 0, 0, 0, 0, 0, 0]
[0, 0, 0, 0, 0, 0, 0, 0, 0, 0, 0, 0, 0, 0, 0, 0, 0, 0, 0]
[0, 0, 0, 0, 0, 0, 0, 0, 0, 0, 0, 0, 0, 0, 0, 0, 0, 0, 0]
MiniMax Cases calculated: 1565386 Calculation time: 11630 ms Total White time: 132275 ms
Black: 1000192 White: 307
White Move: [11, 8]
[0, 0, 0, 0, 0, 2, 0, 0, 0, 0, 0, 0, 0, 0, 0, 0, 0, 0, 0]
[0, 0, 0, 0, 0, 2, 1, 1, 1, 1, 2, 0, 0, 0, 0, 0, 0, 0, 0]
[0, 0, 0, 0, 0, 2, 1, 1, 1, 2, 0, 0, 0, 0, 0, 0, 0, 0, 0]
[0, 0, 0, 0, 0, 2, 2, 2, 1, 1, 1, 2, 0, 0, 0, 0, 0, 0, 0]
[0, 0, 0, 2, 2, 0, 1, 1, 2, 1, 2, 0, 0, 0, 0, 0, 0, 0, 0]
[0, 2, 0, 1, 0, 1, 2, 1, 2, 2, 2, 0, 0, 0, 0, 0, 0, 0, 0]
[0, 0, 1, 0, 2, 2, 1, 1, 1, 2, 0, 0, 0, 0, 0, 0, 0, 0, 0]
[0, 1, 2, 1, 0, 1, 1, 2, 0, 2, 0, 0, 0, 0, 0, 0, 0, 0, 0]
[0, 1, 2, 1, 1, 1, 1, 2, 1, 0, 2, 2, 0, 0, 0, 0, 0, 0, 0]
[0, 2, 1, 2, 2, 1, 0, 1, 2, 2, 1, 0, 0, 0, 0, 0, 0, 0, 0]
[0, 1, 0, 2, 1, 2, 2, 0, 1, 1, 1, 2, 0, 0, 0, 0, 0, 0, 0]
[0, 0, 0, 2, 0, 0, 0, 0, 1, 2, 2, 0, 0, 0, 0, 0, 0, 0, 0]
[0, 0, 0, 0, 0, 0, 0, 0, 0, 0, 0, 0, 0, 0, 0, 0, 0, 0, 0]
[0, 0, 0, 0, 0, 0, 0, 0, 0, 0, 0, 0, 0, 0, 0, 0, 0, 0, 0]
[0, 0, 0, 0, 0, 0, 0, 0, 0, 0, 0, 0, 0, 0, 0, 0, 0, 0, 0]
[0, 0, 0, 0, 0, 0, 0, 0, 0, 0, 0, 0, 0, 0, 0, 0, 0, 0, 0]
[0, 0, 0, 0, 0, 0, 0, 0, 0, 0, 0, 0, 0, 0, 0, 0, 0, 0, 0]
[0, 0, 0, 0, 0, 0, 0, 0, 0, 0, 0, 0, 0, 0, 0, 0, 0, 0, 0]
[0, 0, 0, 0, 0, 0, 0, 0, 0, 0, 0, 0, 0, 0, 0, 0, 0, 0, 0]
MiniMax Cases calculated: 2234601 Calculation time: 16453 ms Total Black time: 86708 ms
Black: 1000196 White: 302
Black Move: [12, 7]
[0, 0, 0, 0, 0, 2, 0, 0, 0, 0, 0, 0, 0, 0, 0, 0, 0, 0, 0]
[0, 0, 0, 0, 0, 2, 1, 1, 1, 1, 2, 0, 0, 0, 0, 0, 0, 0, 0]
[0, 0, 0, 0, 0, 2, 1, 1, 1, 2, 0, 0, 0, 0, 0, 0, 0, 0, 0]
[0, 0, 0, 0, 0, 2, 2, 2, 1, 1, 1, 2, 0, 0, 0, 0, 0, 0, 0]
[0, 0, 0, 2, 2, 0, 1, 1, 2, 1, 2, 0, 0, 0, 0, 0, 0, 0, 0]
[0, 2, 0, 1, 0, 1, 2, 1, 2, 2, 2, 0, 0, 0, 0, 0, 0, 0, 0]
[0, 0, 1, 0, 2, 2, 1, 1, 1, 2, 0, 0, 0, 0, 0, 0, 0, 0, 0]
[0, 1, 2, 1, 0, 1, 1, 2, 0, 2, 0, 0, 0, 0, 0, 0, 0, 0, 0]
[0, 1, 2, 1, 1, 1, 1, 2, 1, 0, 2, 2, 0, 0, 0, 0, 0, 0, 0]
[0, 2, 1, 2, 2, 1, 0, 1, 2, 2, 1, 0, 0, 0, 0, 0, 0, 0, 0]
[0, 1, 0, 2, 1, 2, 2, 0, 1, 1, 1, 2, 0, 0, 0, 0, 0, 0, 0]
[0, 0, 0, 2, 0, 0, 0, 0, 1, 2, 2, 0, 0, 0, 0, 0, 0, 0, 0]
[0, 0, 0, 0, 0, 0, 0, 2, 0, 0, 0, 0, 0, 0, 0, 0, 0, 0, 0]
[0, 0, 0, 0, 0, 0, 0, 0, 0, 0, 0, 0, 0, 0, 0, 0, 0, 0, 0]
[0, 0, 0, 0, 0, 0, 0, 0, 0, 0, 0, 0, 0, 0, 0, 0, 0, 0, 0]
[0, 0, 0, 0, 0, 0, 0, 0, 0, 0, 0, 0, 0, 0, 0, 0, 0, 0, 0]
[0, 0, 0, 0, 0, 0, 0, 0, 0, 0, 0, 0, 0, 0, 0, 0, 0, 0, 0]
[0, 0, 0, 0, 0, 0, 0, 0, 0, 0, 0, 0, 0, 0, 0, 0, 0, 0, 0]
[0, 0, 0, 0, 0, 0, 0, 0, 0, 0, 0, 0, 0, 0, 0, 0, 0, 0, 0]
MiniMax Cases calculated: 1622671 Calculation time: 12260 ms Total White time: 144535 ms
Black: 1000196 White: 299
White Move: [9, 6]
[0, 0, 0, 0, 0, 2, 0, 0, 0, 0, 0, 0, 0, 0, 0, 0, 0, 0, 0]
[0, 0, 0, 0, 0, 2, 1, 1, 1, 1, 2, 0, 0, 0, 0, 0, 0, 0, 0]
[0, 0, 0, 0, 0, 2, 1, 1, 1, 2, 0, 0, 0, 0, 0, 0, 0, 0, 0]
[0, 0, 0, 0, 0, 2, 2, 2, 1, 1, 1, 2, 0, 0, 0, 0, 0, 0, 0]
[0, 0, 0, 2, 2, 0, 1, 1, 2, 1, 2, 0, 0, 0, 0, 0, 0, 0, 0]
[0, 2, 0, 1, 0, 1, 2, 1, 2, 2, 2, 0, 0, 0, 0, 0, 0, 0, 0]
[0, 0, 1, 0, 2, 2, 1, 1, 1, 2, 0, 0, 0, 0, 0, 0, 0, 0, 0]
[0, 1, 2, 1, 0, 1, 1, 2, 0, 2, 0, 0, 0, 0, 0, 0, 0, 0, 0]
[0, 1, 2, 1, 1, 1, 1, 2, 1, 0, 2, 2, 0, 0, 0, 0, 0, 0, 0]
[0, 2, 1, 2, 2, 1, 1, 1, 2, 2, 1, 0, 0, 0, 0, 0, 0, 0, 0]
[0, 1, 0, 2, 1, 2, 2, 0, 1, 1, 1, 2, 0, 0, 0, 0, 0, 0, 0]
[0, 0, 0, 2, 0, 0, 0, 0, 1, 2, 2, 0, 0, 0, 0, 0, 0, 0, 0]
[0, 0, 0, 0, 0, 0, 0, 2, 0, 0, 0, 0, 0, 0, 0, 0, 0, 0, 0]
[0, 0, 0, 0, 0, 0, 0, 0, 0, 0, 0, 0, 0, 0, 0, 0, 0, 0, 0]
[0, 0, 0, 0, 0, 0, 0, 0, 0, 0, 0, 0, 0, 0, 0, 0, 0, 0, 0]
[0, 0, 0, 0, 0, 0, 0, 0, 0, 0, 0, 0, 0, 0, 0, 0, 0, 0, 0]
[0, 0, 0, 0, 0, 0, 0, 0, 0, 0, 0, 0, 0, 0, 0, 0, 0, 0, 0]
[0, 0, 0, 0, 0, 0, 0, 0, 0, 0, 0, 0, 0, 0, 0, 0, 0, 0, 0]
[0, 0, 0, 0, 0, 0, 0, 0, 0, 0, 0, 0, 0, 0, 0, 0, 0, 0, 0]
MiniMax Cases calculated: 1007092 Calculation time: 7718 ms Total Black time: 94426 ms
Black: 1000196 White: 97
Black Move: [7, 4]
[0, 0, 0, 0, 0, 2, 0, 0, 0, 0, 0, 0, 0, 0, 0, 0, 0, 0, 0]
[0, 0, 0, 0, 0, 2, 1, 1, 1, 1, 2, 0, 0, 0, 0, 0, 0, 0, 0]
[0, 0, 0, 0, 0, 2, 1, 1, 1, 2, 0, 0, 0, 0, 0, 0, 0, 0, 0]
[0, 0, 0, 0, 0, 2, 2, 2, 1, 1, 1, 2, 0, 0, 0, 0, 0, 0, 0]
[0, 0, 0, 2, 2, 0, 1, 1, 2, 1, 2, 0, 0, 0, 0, 0, 0, 0, 0]
[0, 2, 0, 1, 0, 1, 2, 1, 2, 2, 2, 0, 0, 0, 0, 0, 0, 0, 0]
[0, 0, 1, 0, 2, 2, 1, 1, 1, 2, 0, 0, 0, 0, 0, 0, 0, 0, 0]
[0, 1, 2, 1, 2, 1, 1, 2, 0, 2, 0, 0, 0, 0, 0, 0, 0, 0, 0]
[0, 1, 2, 1, 1, 1, 1, 2, 1, 0, 2, 2, 0, 0, 0, 0, 0, 0, 0]
[0, 2, 1, 2, 2, 1, 1, 1, 2, 2, 1, 0, 0, 0, 0, 0, 0, 0, 0]
[0, 1, 0, 2, 1, 2, 2, 0, 1, 1, 1, 2, 0, 0, 0, 0, 0, 0, 0]
[0, 0, 0, 2, 0, 0, 0, 0, 1, 2, 2, 0, 0, 0, 0, 0, 0, 0, 0]
[0, 0, 0, 0, 0, 0, 0, 2, 0, 0, 0, 0, 0, 0, 0, 0, 0, 0, 0]
[0, 0, 0, 0, 0, 0, 0, 0, 0, 0, 0, 0, 0, 0, 0, 0, 0, 0, 0]
[0, 0, 0, 0, 0, 0, 0, 0, 0, 0, 0, 0, 0, 0, 0, 0, 0, 0, 0]
[0, 0, 0, 0, 0, 0, 0, 0, 0, 0, 0, 0, 0, 0, 0, 0, 0, 0, 0]
[0, 0, 0, 0, 0, 0, 0, 0, 0, 0, 0, 0, 0, 0, 0, 0, 0, 0, 0]
[0, 0, 0, 0, 0, 0, 0, 0, 0, 0, 0, 0, 0, 0, 0, 0, 0, 0, 0]
[0, 0, 0, 0, 0, 0, 0, 0, 0, 0, 0, 0, 0, 0, 0, 0, 0, 0, 0]
MiniMax Cases calculated: 1830239 Calculation time: 13922 ms Total White time: 158457 ms
Black: 1000193 White: 104
White Move: [11, 2]
[0, 0, 0, 0, 0, 2, 0, 0, 0, 0, 0, 0, 0, 0, 0, 0, 0, 0, 0]
[0, 0, 0, 0, 0, 2, 1, 1, 1, 1, 2, 0, 0, 0, 0, 0, 0, 0, 0]
[0, 0, 0, 0, 0, 2, 1, 1, 1, 2, 0, 0, 0, 0, 0, 0, 0, 0, 0]
[0, 0, 0, 0, 0, 2, 2, 2, 1, 1, 1, 2, 0, 0, 0, 0, 0, 0, 0]
[0, 0, 0, 2, 2, 0, 1, 1, 2, 1, 2, 0, 0, 0, 0, 0, 0, 0, 0]
[0, 2, 0, 1, 0, 1, 2, 1, 2, 2, 2, 0, 0, 0, 0, 0, 0, 0, 0]
[0, 0, 1, 0, 2, 2, 1, 1, 1, 2, 0, 0, 0, 0, 0, 0, 0, 0, 0]
[0, 1, 2, 1, 2, 1, 1, 2, 0, 2, 0, 0, 0, 0, 0, 0, 0, 0, 0]
[0, 1, 2, 1, 1, 1, 1, 2, 1, 0, 2, 2, 0, 0, 0, 0, 0, 0, 0]
[0, 2, 1, 2, 2, 1, 1, 1, 2, 2, 1, 0, 0, 0, 0, 0, 0, 0, 0]
[0, 1, 0, 2, 1, 2, 2, 0, 1, 1, 1, 2, 0, 0, 0, 0, 0, 0, 0]
[0, 0, 1, 2, 0, 0, 0, 0, 1, 2, 2, 0, 0, 0, 0, 0, 0, 0, 0]
[0, 0, 0, 0, 0, 0, 0, 2, 0, 0, 0, 0, 0, 0, 0, 0, 0, 0, 0]
[0, 0, 0, 0, 0, 0, 0, 0, 0, 0, 0, 0, 0, 0, 0, 0, 0, 0, 0]
[0, 0, 0, 0, 0, 0, 0, 0, 0, 0, 0, 0, 0, 0, 0, 0, 0, 0, 0]
[0, 0, 0, 0, 0, 0, 0, 0, 0, 0, 0, 0, 0, 0, 0, 0, 0, 0, 0]
[0, 0, 0, 0, 0, 0, 0, 0, 0, 0, 0, 0, 0, 0, 0, 0, 0, 0, 0]
[0, 0, 0, 0, 0, 0, 0, 0, 0, 0, 0, 0, 0, 0, 0, 0, 0, 0, 0]
[0, 0, 0, 0, 0, 0, 0, 0, 0, 0, 0, 0, 0, 0, 0, 0, 0, 0, 0]
MiniMax Cases calculated: 1781571 Calculation time: 13252 ms Total Black time: 107678 ms
Black: 2000186 White: 102
Black Move: [12, 3]
[0, 0, 0, 0, 0, 2, 0, 0, 0, 0, 0, 0, 0, 0, 0, 0, 0, 0, 0]
[0, 0, 0, 0, 0, 2, 1, 1, 1, 1, 2, 0, 0, 0, 0, 0, 0, 0, 0]
[0, 0, 0, 0, 0, 2, 1, 1, 1, 2, 0, 0, 0, 0, 0, 0, 0, 0, 0]
[0, 0, 0, 0, 0, 2, 2, 2, 1, 1, 1, 2, 0, 0, 0, 0, 0, 0, 0]
[0, 0, 0, 2, 2, 0, 1, 1, 2, 1, 2, 0, 0, 0, 0, 0, 0, 0, 0]
[0, 2, 0, 1, 0, 1, 2, 1, 2, 2, 2, 0, 0, 0, 0, 0, 0, 0, 0]
[0, 0, 1, 0, 2, 2, 1, 1, 1, 2, 0, 0, 0, 0, 0, 0, 0, 0, 0]
[0, 1, 2, 1, 2, 1, 1, 2, 0, 2, 0, 0, 0, 0, 0, 0, 0, 0, 0]
[0, 1, 2, 1, 1, 1, 1, 2, 1, 0, 2, 2, 0, 0, 0, 0, 0, 0, 0]
[0, 2, 1, 2, 2, 1, 1, 1, 2, 2, 1, 0, 0, 0, 0, 0, 0, 0, 0]
[0, 1, 0, 2, 1, 2, 2, 0, 1, 1, 1, 2, 0, 0, 0, 0, 0, 0, 0]
[0, 0, 1, 2, 0, 0, 0, 0, 1, 2, 2, 0, 0, 0, 0, 0, 0, 0, 0]
[0, 0, 0, 2, 0, 0, 0, 2, 0, 0, 0, 0, 0, 0, 0, 0, 0, 0, 0]
[0, 0, 0, 0, 0, 0, 0, 0, 0, 0, 0, 0, 0, 0, 0, 0, 0, 0, 0]
[0, 0, 0, 0, 0, 0, 0, 0, 0, 0, 0, 0, 0, 0, 0, 0, 0, 0, 0]
[0, 0, 0, 0, 0, 0, 0, 0, 0, 0, 0, 0, 0, 0, 0, 0, 0, 0, 0]
[0, 0, 0, 0, 0, 0, 0, 0, 0, 0, 0, 0, 0, 0, 0, 0, 0, 0, 0]
[0, 0, 0, 0, 0, 0, 0, 0, 0, 0, 0, 0, 0, 0, 0, 0, 0, 0, 0]
[0, 0, 0, 0, 0, 0, 0, 0, 0, 0, 0, 0, 0, 0, 0, 0, 0, 0, 0]
MiniMax Cases calculated: 1987429 Calculation time: 14839 ms Total White time: 173296 ms
Black: 2000185 White: 109
White Move: [12, 2]
[0, 0, 0, 0, 0, 2, 0, 0, 0, 0, 0, 0, 0, 0, 0, 0, 0, 0, 0]
[0, 0, 0, 0, 0, 2, 1, 1, 1, 1, 2, 0, 0, 0, 0, 0, 0, 0, 0]
[0, 0, 0, 0, 0, 2, 1, 1, 1, 2, 0, 0, 0, 0, 0, 0, 0, 0, 0]
[0, 0, 0, 0, 0, 2, 2, 2, 1, 1, 1, 2, 0, 0, 0, 0, 0, 0, 0]
[0, 0, 0, 2, 2, 0, 1, 1, 2, 1, 2, 0, 0, 0, 0, 0, 0, 0, 0]
[0, 2, 0, 1, 0, 1, 2, 1, 2, 2, 2, 0, 0, 0, 0, 0, 0, 0, 0]
[0, 0, 1, 0, 2, 2, 1, 1, 1, 2, 0, 0, 0, 0, 0, 0, 0, 0, 0]
[0, 1, 2, 1, 2, 1, 1, 2, 0, 2, 0, 0, 0, 0, 0, 0, 0, 0, 0]
[0, 1, 2, 1, 1, 1, 1, 2, 1, 0, 2, 2, 0, 0, 0, 0, 0, 0, 0]
[0, 2, 1, 2, 2, 1, 1, 1, 2, 2, 1, 0, 0, 0, 0, 0, 0, 0, 0]
[0, 1, 0, 2, 1, 2, 2, 0, 1, 1, 1, 2, 0, 0, 0, 0, 0, 0, 0]
[0, 0, 1, 2, 0, 0, 0, 0, 1, 2, 2, 0, 0, 0, 0, 0, 0, 0, 0]
[0, 0, 1, 2, 0, 0, 0, 2, 0, 0, 0, 0, 0, 0, 0, 0, 0, 0, 0]
[0, 0, 0, 0, 0, 0, 0, 0, 0, 0, 0, 0, 0, 0, 0, 0, 0, 0, 0]
[0, 0, 0, 0, 0, 0, 0, 0, 0, 0, 0, 0, 0, 0, 0, 0, 0, 0, 0]
[0, 0, 0, 0, 0, 0, 0, 0, 0, 0, 0, 0, 0, 0, 0, 0, 0, 0, 0]
[0, 0, 0, 0, 0, 0, 0, 0, 0, 0, 0, 0, 0, 0, 0, 0, 0, 0, 0]
[0, 0, 0, 0, 0, 0, 0, 0, 0, 0, 0, 0, 0, 0, 0, 0, 0, 0, 0]
[0, 0, 0, 0, 0, 0, 0, 0, 0, 0, 0, 0, 0, 0, 0, 0, 0, 0, 0]
MiniMax Cases calculated: 1769655 Calculation time: 13445 ms Total Black time: 121123 ms
Black: 2000194 White: 107
Black Move: [13, 2]
[0, 0, 0, 0, 0, 2, 0, 0, 0, 0, 0, 0, 0, 0, 0, 0, 0, 0, 0]
[0, 0, 0, 0, 0, 2, 1, 1, 1, 1, 2, 0, 0, 0, 0, 0, 0, 0, 0]
[0, 0, 0, 0, 0, 2, 1, 1, 1, 2, 0, 0, 0, 0, 0, 0, 0, 0, 0]
[0, 0, 0, 0, 0, 2, 2, 2, 1, 1, 1, 2, 0, 0, 0, 0, 0, 0, 0]
[0, 0, 0, 2, 2, 0, 1, 1, 2, 1, 2, 0, 0, 0, 0, 0, 0, 0, 0]
[0, 2, 0, 1, 0, 1, 2, 1, 2, 2, 2, 0, 0, 0, 0, 0, 0, 0, 0]
[0, 0, 1, 0, 2, 2, 1, 1, 1, 2, 0, 0, 0, 0, 0, 0, 0, 0, 0]
[0, 1, 2, 1, 2, 1, 1, 2, 0, 2, 0, 0, 0, 0, 0, 0, 0, 0, 0]
[0, 1, 2, 1, 1, 1, 1, 2, 1, 0, 2, 2, 0, 0, 0, 0, 0, 0, 0]
[0, 2, 1, 2, 2, 1, 1, 1, 2, 2, 1, 0, 0, 0, 0, 0, 0, 0, 0]
[0, 1, 0, 2, 1, 2, 2, 0, 1, 1, 1, 2, 0, 0, 0, 0, 0, 0, 0]
[0, 0, 1, 2, 0, 0, 0, 0, 1, 2, 2, 0, 0, 0, 0, 0, 0, 0, 0]
[0, 0, 1, 2, 0, 0, 0, 2, 0, 0, 0, 0, 0, 0, 0, 0, 0, 0, 0]
[0, 0, 2, 0, 0, 0, 0, 0, 0, 0, 0, 0, 0, 0, 0, 0, 0, 0, 0]
[0, 0, 0, 0, 0, 0, 0, 0, 0, 0, 0, 0, 0, 0, 0, 0, 0, 0, 0]
[0, 0, 0, 0, 0, 0, 0, 0, 0, 0, 0, 0, 0, 0, 0, 0, 0, 0, 0]
[0, 0, 0, 0, 0, 0, 0, 0, 0, 0, 0, 0, 0, 0, 0, 0, 0, 0, 0]
[0, 0, 0, 0, 0, 0, 0, 0, 0, 0, 0, 0, 0, 0, 0, 0, 0, 0, 0]
[0, 0, 0, 0, 0, 0, 0, 0, 0, 0, 0, 0, 0, 0, 0, 0, 0, 0, 0]
MiniMax Cases calculated: 2061840 Calculation time: 15827 ms Total White time: 189123 ms
Black: 1000194 White: 114
White Move: [13, 3]
[0, 0, 0, 0, 0, 2, 0, 0, 0, 0, 0, 0, 0, 0, 0, 0, 0, 0, 0]
[0, 0, 0, 0, 0, 2, 1, 1, 1, 1, 2, 0, 0, 0, 0, 0, 0, 0, 0]
[0, 0, 0, 0, 0, 2, 1, 1, 1, 2, 0, 0, 0, 0, 0, 0, 0, 0, 0]
[0, 0, 0, 0, 0, 2, 2, 2, 1, 1, 1, 2, 0, 0, 0, 0, 0, 0, 0]
[0, 0, 0, 2, 2, 0, 1, 1, 2, 1, 2, 0, 0, 0, 0, 0, 0, 0, 0]
[0, 2, 0, 1, 0, 1, 2, 1, 2, 2, 2, 0, 0, 0, 0, 0, 0, 0, 0]
[0, 0, 1, 0, 2, 2, 1, 1, 1, 2, 0, 0, 0, 0, 0, 0, 0, 0, 0]
[0, 1, 2, 1, 2, 1, 1, 2, 0, 2, 0, 0, 0, 0, 0, 0, 0, 0, 0]
[0, 1, 2, 1, 1, 1, 1, 2, 1, 0, 2, 2, 0, 0, 0, 0, 0, 0, 0]
[0, 2, 1, 2, 2, 1, 1, 1, 2, 2, 1, 0, 0, 0, 0, 0, 0, 0, 0]
[0, 1, 0, 2, 1, 2, 2, 0, 1, 1, 1, 2, 0, 0, 0, 0, 0, 0, 0]
[0, 0, 1, 2, 0, 0, 0, 0, 1, 2, 2, 0, 0, 0, 0, 0, 0, 0, 0]
[0, 0, 1, 2, 0, 0, 0, 2, 0, 0, 0, 0, 0, 0, 0, 0, 0, 0, 0]
[0, 0, 2, 1, 0, 0, 0, 0, 0, 0, 0, 0, 0, 0, 0, 0, 0, 0, 0]
[0, 0, 0, 0, 0, 0, 0, 0, 0, 0, 0, 0, 0, 0, 0, 0, 0, 0, 0]
[0, 0, 0, 0, 0, 0, 0, 0, 0, 0, 0, 0, 0, 0, 0, 0, 0, 0, 0]
[0, 0, 0, 0, 0, 0, 0, 0, 0, 0, 0, 0, 0, 0, 0, 0, 0, 0, 0]
[0, 0, 0, 0, 0, 0, 0, 0, 0, 0, 0, 0, 0, 0, 0, 0, 0, 0, 0]
[0, 0, 0, 0, 0, 0, 0, 0, 0, 0, 0, 0, 0, 0, 0, 0, 0, 0, 0]
MiniMax Cases calculated: 1882606 Calculation time: 14616 ms Total Black time: 135739 ms
Black: 1000198 White: 110
Black Move: [11, 1]
[0, 0, 0, 0, 0, 2, 0, 0, 0, 0, 0, 0, 0, 0, 0, 0, 0, 0, 0]
[0, 0, 0, 0, 0, 2, 1, 1, 1, 1, 2, 0, 0, 0, 0, 0, 0, 0, 0]
[0, 0, 0, 0, 0, 2, 1, 1, 1, 2, 0, 0, 0, 0, 0, 0, 0, 0, 0]
[0, 0, 0, 0, 0, 2, 2, 2, 1, 1, 1, 2, 0, 0, 0, 0, 0, 0, 0]
[0, 0, 0, 2, 2, 0, 1, 1, 2, 1, 2, 0, 0, 0, 0, 0, 0, 0, 0]
[0, 2, 0, 1, 0, 1, 2, 1, 2, 2, 2, 0, 0, 0, 0, 0, 0, 0, 0]
[0, 0, 1, 0, 2, 2, 1, 1, 1, 2, 0, 0, 0, 0, 0, 0, 0, 0, 0]
[0, 1, 2, 1, 2, 1, 1, 2, 0, 2, 0, 0, 0, 0, 0, 0, 0, 0, 0]
[0, 1, 2, 1, 1, 1, 1, 2, 1, 0, 2, 2, 0, 0, 0, 0, 0, 0, 0]
[0, 2, 1, 2, 2, 1, 1, 1, 2, 2, 1, 0, 0, 0, 0, 0, 0, 0, 0]
[0, 1, 0, 2, 1, 2, 2, 0, 1, 1, 1, 2, 0, 0, 0, 0, 0, 0, 0]
[0, 2, 1, 2, 0, 0, 0, 0, 1, 2, 2, 0, 0, 0, 0, 0, 0, 0, 0]
[0, 0, 1, 2, 0, 0, 0, 2, 0, 0, 0, 0, 0, 0, 0, 0, 0, 0, 0]
[0, 0, 2, 1, 0, 0, 0, 0, 0, 0, 0, 0, 0, 0, 0, 0, 0, 0, 0]
[0, 0, 0, 0, 0, 0, 0, 0, 0, 0, 0, 0, 0, 0, 0, 0, 0, 0, 0]
[0, 0, 0, 0, 0, 0, 0, 0, 0, 0, 0, 0, 0, 0, 0, 0, 0, 0, 0]
[0, 0, 0, 0, 0, 0, 0, 0, 0, 0, 0, 0, 0, 0, 0, 0, 0, 0, 0]
[0, 0, 0, 0, 0, 0, 0, 0, 0, 0, 0, 0, 0, 0, 0, 0, 0, 0, 0]
[0, 0, 0, 0, 0, 0, 0, 0, 0, 0, 0, 0, 0, 0, 0, 0, 0, 0, 0]
MiniMax Cases calculated: 1995343 Calculation time: 15076 ms Total White time: 204199 ms
Black: 1000197 White: 117
White Move: [14, 2]
[0, 0, 0, 0, 0, 2, 0, 0, 0, 0, 0, 0, 0, 0, 0, 0, 0, 0, 0]
[0, 0, 0, 0, 0, 2, 1, 1, 1, 1, 2, 0, 0, 0, 0, 0, 0, 0, 0]
[0, 0, 0, 0, 0, 2, 1, 1, 1, 2, 0, 0, 0, 0, 0, 0, 0, 0, 0]
[0, 0, 0, 0, 0, 2, 2, 2, 1, 1, 1, 2, 0, 0, 0, 0, 0, 0, 0]
[0, 0, 0, 2, 2, 0, 1, 1, 2, 1, 2, 0, 0, 0, 0, 0, 0, 0, 0]
[0, 2, 0, 1, 0, 1, 2, 1, 2, 2, 2, 0, 0, 0, 0, 0, 0, 0, 0]
[0, 0, 1, 0, 2, 2, 1, 1, 1, 2, 0, 0, 0, 0, 0, 0, 0, 0, 0]
[0, 1, 2, 1, 2, 1, 1, 2, 0, 2, 0, 0, 0, 0, 0, 0, 0, 0, 0]
[0, 1, 2, 1, 1, 1, 1, 2, 1, 0, 2, 2, 0, 0, 0, 0, 0, 0, 0]
[0, 2, 1, 2, 2, 1, 1, 1, 2, 2, 1, 0, 0, 0, 0, 0, 0, 0, 0]
[0, 1, 0, 2, 1, 2, 2, 0, 1, 1, 1, 2, 0, 0, 0, 0, 0, 0, 0]
[0, 2, 1, 2, 0, 0, 0, 0, 1, 2, 2, 0, 0, 0, 0, 0, 0, 0, 0]
[0, 0, 1, 2, 0, 0, 0, 2, 0, 0, 0, 0, 0, 0, 0, 0, 0, 0, 0]
[0, 0, 2, 1, 0, 0, 0, 0, 0, 0, 0, 0, 0, 0, 0, 0, 0, 0, 0]
[0, 0, 1, 0, 0, 0, 0, 0, 0, 0, 0, 0, 0, 0, 0, 0, 0, 0, 0]
[0, 0, 0, 0, 0, 0, 0, 0, 0, 0, 0, 0, 0, 0, 0, 0, 0, 0, 0]
[0, 0, 0, 0, 0, 0, 0, 0, 0, 0, 0, 0, 0, 0, 0, 0, 0, 0, 0]
[0, 0, 0, 0, 0, 0, 0, 0, 0, 0, 0, 0, 0, 0, 0, 0, 0, 0, 0]
[0, 0, 0, 0, 0, 0, 0, 0, 0, 0, 0, 0, 0, 0, 0, 0, 0, 0, 0]
MiniMax Cases calculated: 1932576 Calculation time: 14931 ms Total Black time: 150670 ms
Black: 1000207 White: 115
Black Move: [12, 4]
[0, 0, 0, 0, 0, 2, 0, 0, 0, 0, 0, 0, 0, 0, 0, 0, 0, 0, 0]
[0, 0, 0, 0, 0, 2, 1, 1, 1, 1, 2, 0, 0, 0, 0, 0, 0, 0, 0]
[0, 0, 0, 0, 0, 2, 1, 1, 1, 2, 0, 0, 0, 0, 0, 0, 0, 0, 0]
[0, 0, 0, 0, 0, 2, 2, 2, 1, 1, 1, 2, 0, 0, 0, 0, 0, 0, 0]
[0, 0, 0, 2, 2, 0, 1, 1, 2, 1, 2, 0, 0, 0, 0, 0, 0, 0, 0]
[0, 2, 0, 1, 0, 1, 2, 1, 2, 2, 2, 0, 0, 0, 0, 0, 0, 0, 0]
[0, 0, 1, 0, 2, 2, 1, 1, 1, 2, 0, 0, 0, 0, 0, 0, 0, 0, 0]
[0, 1, 2, 1, 2, 1, 1, 2, 0, 2, 0, 0, 0, 0, 0, 0, 0, 0, 0]
[0, 1, 2, 1, 1, 1, 1, 2, 1, 0, 2, 2, 0, 0, 0, 0, 0, 0, 0]
[0, 2, 1, 2, 2, 1, 1, 1, 2, 2, 1, 0, 0, 0, 0, 0, 0, 0, 0]
[0, 1, 0, 2, 1, 2, 2, 0, 1, 1, 1, 2, 0, 0, 0, 0, 0, 0, 0]
[0, 2, 1, 2, 0, 0, 0, 0, 1, 2, 2, 0, 0, 0, 0, 0, 0, 0, 0]
[0, 0, 1, 2, 2, 0, 0, 2, 0, 0, 0, 0, 0, 0, 0, 0, 0, 0, 0]
[0, 0, 2, 1, 0, 0, 0, 0, 0, 0, 0, 0, 0, 0, 0, 0, 0, 0, 0]
[0, 0, 1, 0, 0, 0, 0, 0, 0, 0, 0, 0, 0, 0, 0, 0, 0, 0, 0]
[0, 0, 0, 0, 0, 0, 0, 0, 0, 0, 0, 0, 0, 0, 0, 0, 0, 0, 0]
[0, 0, 0, 0, 0, 0, 0, 0, 0, 0, 0, 0, 0, 0, 0, 0, 0, 0, 0]
[0, 0, 0, 0, 0, 0, 0, 0, 0, 0, 0, 0, 0, 0, 0, 0, 0, 0, 0]
[0, 0, 0, 0, 0, 0, 0, 0, 0, 0, 0, 0, 0, 0, 0, 0, 0, 0, 0]
MiniMax Cases calculated: 2169249 Calculation time: 16835 ms Total White time: 221034 ms
Black: 1000207 White: 123
White Move: [14, 3]
[0, 0, 0, 0, 0, 2, 0, 0, 0, 0, 0, 0, 0, 0, 0, 0, 0, 0, 0]
[0, 0, 0, 0, 0, 2, 1, 1, 1, 1, 2, 0, 0, 0, 0, 0, 0, 0, 0]
[0, 0, 0, 0, 0, 2, 1, 1, 1, 2, 0, 0, 0, 0, 0, 0, 0, 0, 0]
[0, 0, 0, 0, 0, 2, 2, 2, 1, 1, 1, 2, 0, 0, 0, 0, 0, 0, 0]
[0, 0, 0, 2, 2, 0, 1, 1, 2, 1, 2, 0, 0, 0, 0, 0, 0, 0, 0]
[0, 2, 0, 1, 0, 1, 2, 1, 2, 2, 2, 0, 0, 0, 0, 0, 0, 0, 0]
[0, 0, 1, 0, 2, 2, 1, 1, 1, 2, 0, 0, 0, 0, 0, 0, 0, 0, 0]
[0, 1, 2, 1, 2, 1, 1, 2, 0, 2, 0, 0, 0, 0, 0, 0, 0, 0, 0]
[0, 1, 2, 1, 1, 1, 1, 2, 1, 0, 2, 2, 0, 0, 0, 0, 0, 0, 0]
[0, 2, 1, 2, 2, 1, 1, 1, 2, 2, 1, 0, 0, 0, 0, 0, 0, 0, 0]
[0, 1, 0, 2, 1, 2, 2, 0, 1, 1, 1, 2, 0, 0, 0, 0, 0, 0, 0]
[0, 2, 1, 2, 0, 0, 0, 0, 1, 2, 2, 0, 0, 0, 0, 0, 0, 0, 0]
[0, 0, 1, 2, 2, 0, 0, 2, 0, 0, 0, 0, 0, 0, 0, 0, 0, 0, 0]
[0, 0, 2, 1, 0, 0, 0, 0, 0, 0, 0, 0, 0, 0, 0, 0, 0, 0, 0]
[0, 0, 1, 1, 0, 0, 0, 0, 0, 0, 0, 0, 0, 0, 0, 0, 0, 0, 0]
[0, 0, 0, 0, 0, 0, 0, 0, 0, 0, 0, 0, 0, 0, 0, 0, 0, 0, 0]
[0, 0, 0, 0, 0, 0, 0, 0, 0, 0, 0, 0, 0, 0, 0, 0, 0, 0, 0]
[0, 0, 0, 0, 0, 0, 0, 0, 0, 0, 0, 0, 0, 0, 0, 0, 0, 0, 0]
[0, 0, 0, 0, 0, 0, 0, 0, 0, 0, 0, 0, 0, 0, 0, 0, 0, 0, 0]
MiniMax Cases calculated: 2104660 Calculation time: 15908 ms Total Black time: 166578 ms
Black: 1050203 White: 121
Black Move: [14, 1]
[0, 0, 0, 0, 0, 2, 0, 0, 0, 0, 0, 0, 0, 0, 0, 0, 0, 0, 0]
[0, 0, 0, 0, 0, 2, 1, 1, 1, 1, 2, 0, 0, 0, 0, 0, 0, 0, 0]
[0, 0, 0, 0, 0, 2, 1, 1, 1, 2, 0, 0, 0, 0, 0, 0, 0, 0, 0]
[0, 0, 0, 0, 0, 2, 2, 2, 1, 1, 1, 2, 0, 0, 0, 0, 0, 0, 0]
[0, 0, 0, 2, 2, 0, 1, 1, 2, 1, 2, 0, 0, 0, 0, 0, 0, 0, 0]
[0, 2, 0, 1, 0, 1, 2, 1, 2, 2, 2, 0, 0, 0, 0, 0, 0, 0, 0]
[0, 0, 1, 0, 2, 2, 1, 1, 1, 2, 0, 0, 0, 0, 0, 0, 0, 0, 0]
[0, 1, 2, 1, 2, 1, 1, 2, 0, 2, 0, 0, 0, 0, 0, 0, 0, 0, 0]
[0, 1, 2, 1, 1, 1, 1, 2, 1, 0, 2, 2, 0, 0, 0, 0, 0, 0, 0]
[0, 2, 1, 2, 2, 1, 1, 1, 2, 2, 1, 0, 0, 0, 0, 0, 0, 0, 0]
[0, 1, 0, 2, 1, 2, 2, 0, 1, 1, 1, 2, 0, 0, 0, 0, 0, 0, 0]
[0, 2, 1, 2, 0, 0, 0, 0, 1, 2, 2, 0, 0, 0, 0, 0, 0, 0, 0]
[0, 0, 1, 2, 2, 0, 0, 2, 0, 0, 0, 0, 0, 0, 0, 0, 0, 0, 0]
[0, 0, 2, 1, 0, 0, 0, 0, 0, 0, 0, 0, 0, 0, 0, 0, 0, 0, 0]
[0, 2, 1, 1, 0, 0, 0, 0, 0, 0, 0, 0, 0, 0, 0, 0, 0, 0, 0]
[0, 0, 0, 0, 0, 0, 0, 0, 0, 0, 0, 0, 0, 0, 0, 0, 0, 0, 0]
[0, 0, 0, 0, 0, 0, 0, 0, 0, 0, 0, 0, 0, 0, 0, 0, 0, 0, 0]
[0, 0, 0, 0, 0, 0, 0, 0, 0, 0, 0, 0, 0, 0, 0, 0, 0, 0, 0]
[0, 0, 0, 0, 0, 0, 0, 0, 0, 0, 0, 0, 0, 0, 0, 0, 0, 0, 0]
MiniMax Cases calculated: 2254116 Calculation time: 16834 ms Total White time: 237868 ms
Black: 1050202 White: 129
White Move: [13, 1]
[0, 0, 0, 0, 0, 2, 0, 0, 0, 0, 0, 0, 0, 0, 0, 0, 0, 0, 0]
[0, 0, 0, 0, 0, 2, 1, 1, 1, 1, 2, 0, 0, 0, 0, 0, 0, 0, 0]
[0, 0, 0, 0, 0, 2, 1, 1, 1, 2, 0, 0, 0, 0, 0, 0, 0, 0, 0]
[0, 0, 0, 0, 0, 2, 2, 2, 1, 1, 1, 2, 0, 0, 0, 0, 0, 0, 0]
[0, 0, 0, 2, 2, 0, 1, 1, 2, 1, 2, 0, 0, 0, 0, 0, 0, 0, 0]
[0, 2, 0, 1, 0, 1, 2, 1, 2, 2, 2, 0, 0, 0, 0, 0, 0, 0, 0]
[0, 0, 1, 0, 2, 2, 1, 1, 1, 2, 0, 0, 0, 0, 0, 0, 0, 0, 0]
[0, 1, 2, 1, 2, 1, 1, 2, 0, 2, 0, 0, 0, 0, 0, 0, 0, 0, 0]
[0, 1, 2, 1, 1, 1, 1, 2, 1, 0, 2, 2, 0, 0, 0, 0, 0, 0, 0]
[0, 2, 1, 2, 2, 1, 1, 1, 2, 2, 1, 0, 0, 0, 0, 0, 0, 0, 0]
[0, 1, 0, 2, 1, 2, 2, 0, 1, 1, 1, 2, 0, 0, 0, 0, 0, 0, 0]
[0, 2, 1, 2, 0, 0, 0, 0, 1, 2, 2, 0, 0, 0, 0, 0, 0, 0, 0]
[0, 0, 1, 2, 2, 0, 0, 2, 0, 0, 0, 0, 0, 0, 0, 0, 0, 0, 0]
[0, 1, 2, 1, 0, 0, 0, 0, 0, 0, 0, 0, 0, 0, 0, 0, 0, 0, 0]
[0, 2, 1, 1, 0, 0, 0, 0, 0, 0, 0, 0, 0, 0, 0, 0, 0, 0, 0]
[0, 0, 0, 0, 0, 0, 0, 0, 0, 0, 0, 0, 0, 0, 0, 0, 0, 0, 0]
[0, 0, 0, 0, 0, 0, 0, 0, 0, 0, 0, 0, 0, 0, 0, 0, 0, 0, 0]
[0, 0, 0, 0, 0, 0, 0, 0, 0, 0, 0, 0, 0, 0, 0, 0, 0, 0, 0]
[0, 0, 0, 0, 0, 0, 0, 0, 0, 0, 0, 0, 0, 0, 0, 0, 0, 0, 0]
MiniMax Cases calculated: 2140073 Calculation time: 16782 ms Total Black time: 183360 ms
Black: 1050206 White: 124
Black Move: [15, 3]
[0, 0, 0, 0, 0, 2, 0, 0, 0, 0, 0, 0, 0, 0, 0, 0, 0, 0, 0]
[0, 0, 0, 0, 0, 2, 1, 1, 1, 1, 2, 0, 0, 0, 0, 0, 0, 0, 0]
[0, 0, 0, 0, 0, 2, 1, 1, 1, 2, 0, 0, 0, 0, 0, 0, 0, 0, 0]
[0, 0, 0, 0, 0, 2, 2, 2, 1, 1, 1, 2, 0, 0, 0, 0, 0, 0, 0]
[0, 0, 0, 2, 2, 0, 1, 1, 2, 1, 2, 0, 0, 0, 0, 0, 0, 0, 0]
[0, 2, 0, 1, 0, 1, 2, 1, 2, 2, 2, 0, 0, 0, 0, 0, 0, 0, 0]
[0, 0, 1, 0, 2, 2, 1, 1, 1, 2, 0, 0, 0, 0, 0, 0, 0, 0, 0]
[0, 1, 2, 1, 2, 1, 1, 2, 0, 2, 0, 0, 0, 0, 0, 0, 0, 0, 0]
[0, 1, 2, 1, 1, 1, 1, 2, 1, 0, 2, 2, 0, 0, 0, 0, 0, 0, 0]
[0, 2, 1, 2, 2, 1, 1, 1, 2, 2, 1, 0, 0, 0, 0, 0, 0, 0, 0]
[0, 1, 0, 2, 1, 2, 2, 0, 1, 1, 1, 2, 0, 0, 0, 0, 0, 0, 0]
[0, 2, 1, 2, 0, 0, 0, 0, 1, 2, 2, 0, 0, 0, 0, 0, 0, 0, 0]
[0, 0, 1, 2, 2, 0, 0, 2, 0, 0, 0, 0, 0, 0, 0, 0, 0, 0, 0]
[0, 1, 2, 1, 0, 0, 0, 0, 0, 0, 0, 0, 0, 0, 0, 0, 0, 0, 0]
[0, 2, 1, 1, 0, 0, 0, 0, 0, 0, 0, 0, 0, 0, 0, 0, 0, 0, 0]
[0, 0, 0, 2, 0, 0, 0, 0, 0, 0, 0, 0, 0, 0, 0, 0, 0, 0, 0]
[0, 0, 0, 0, 0, 0, 0, 0, 0, 0, 0, 0, 0, 0, 0, 0, 0, 0, 0]
[0, 0, 0, 0, 0, 0, 0, 0, 0, 0, 0, 0, 0, 0, 0, 0, 0, 0, 0]
[0, 0, 0, 0, 0, 0, 0, 0, 0, 0, 0, 0, 0, 0, 0, 0, 0, 0, 0]
MiniMax Cases calculated: 2255732 Calculation time: 17200 ms Total White time: 255068 ms
Black: 1050205 White: 132
White Move: [13, 4]
[0, 0, 0, 0, 0, 2, 0, 0, 0, 0, 0, 0, 0, 0, 0, 0, 0, 0, 0]
[0, 0, 0, 0, 0, 2, 1, 1, 1, 1, 2, 0, 0, 0, 0, 0, 0, 0, 0]
[0, 0, 0, 0, 0, 2, 1, 1, 1, 2, 0, 0, 0, 0, 0, 0, 0, 0, 0]
[0, 0, 0, 0, 0, 2, 2, 2, 1, 1, 1, 2, 0, 0, 0, 0, 0, 0, 0]
[0, 0, 0, 2, 2, 0, 1, 1, 2, 1, 2, 0, 0, 0, 0, 0, 0, 0, 0]
[0, 2, 0, 1, 0, 1, 2, 1, 2, 2, 2, 0, 0, 0, 0, 0, 0, 0, 0]
[0, 0, 1, 0, 2, 2, 1, 1, 1, 2, 0, 0, 0, 0, 0, 0, 0, 0, 0]
[0, 1, 2, 1, 2, 1, 1, 2, 0, 2, 0, 0, 0, 0, 0, 0, 0, 0, 0]
[0, 1, 2, 1, 1, 1, 1, 2, 1, 0, 2, 2, 0, 0, 0, 0, 0, 0, 0]
[0, 2, 1, 2, 2, 1, 1, 1, 2, 2, 1, 0, 0, 0, 0, 0, 0, 0, 0]
[0, 1, 0, 2, 1, 2, 2, 0, 1, 1, 1, 2, 0, 0, 0, 0, 0, 0, 0]
[0, 2, 1, 2, 0, 0, 0, 0, 1, 2, 2, 0, 0, 0, 0, 0, 0, 0, 0]
[0, 0, 1, 2, 2, 0, 0, 2, 0, 0, 0, 0, 0, 0, 0, 0, 0, 0, 0]
[0, 1, 2, 1, 1, 0, 0, 0, 0, 0, 0, 0, 0, 0, 0, 0, 0, 0, 0]
[0, 2, 1, 1, 0, 0, 0, 0, 0, 0, 0, 0, 0, 0, 0, 0, 0, 0, 0]
[0, 0, 0, 2, 0, 0, 0, 0, 0, 0, 0, 0, 0, 0, 0, 0, 0, 0, 0]
[0, 0, 0, 0, 0, 0, 0, 0, 0, 0, 0, 0, 0, 0, 0, 0, 0, 0, 0]
[0, 0, 0, 0, 0, 0, 0, 0, 0, 0, 0, 0, 0, 0, 0, 0, 0, 0, 0]
[0, 0, 0, 0, 0, 0, 0, 0, 0, 0, 0, 0, 0, 0, 0, 0, 0, 0, 0]
MiniMax Cases calculated: 2136577 Calculation time: 16664 ms Total Black time: 200024 ms
Black: 1050215 White: 130
Black Move: [12, 5]
[0, 0, 0, 0, 0, 2, 0, 0, 0, 0, 0, 0, 0, 0, 0, 0, 0, 0, 0]
[0, 0, 0, 0, 0, 2, 1, 1, 1, 1, 2, 0, 0, 0, 0, 0, 0, 0, 0]
[0, 0, 0, 0, 0, 2, 1, 1, 1, 2, 0, 0, 0, 0, 0, 0, 0, 0, 0]
[0, 0, 0, 0, 0, 2, 2, 2, 1, 1, 1, 2, 0, 0, 0, 0, 0, 0, 0]
[0, 0, 0, 2, 2, 0, 1, 1, 2, 1, 2, 0, 0, 0, 0, 0, 0, 0, 0]
[0, 2, 0, 1, 0, 1, 2, 1, 2, 2, 2, 0, 0, 0, 0, 0, 0, 0, 0]
[0, 0, 1, 0, 2, 2, 1, 1, 1, 2, 0, 0, 0, 0, 0, 0, 0, 0, 0]
[0, 1, 2, 1, 2, 1, 1, 2, 0, 2, 0, 0, 0, 0, 0, 0, 0, 0, 0]
[0, 1, 2, 1, 1, 1, 1, 2, 1, 0, 2, 2, 0, 0, 0, 0, 0, 0, 0]
[0, 2, 1, 2, 2, 1, 1, 1, 2, 2, 1, 0, 0, 0, 0, 0, 0, 0, 0]
[0, 1, 0, 2, 1, 2, 2, 0, 1, 1, 1, 2, 0, 0, 0, 0, 0, 0, 0]
[0, 2, 1, 2, 0, 0, 0, 0, 1, 2, 2, 0, 0, 0, 0, 0, 0, 0, 0]
[0, 0, 1, 2, 2, 2, 0, 2, 0, 0, 0, 0, 0, 0, 0, 0, 0, 0, 0]
[0, 1, 2, 1, 1, 0, 0, 0, 0, 0, 0, 0, 0, 0, 0, 0, 0, 0, 0]
[0, 2, 1, 1, 0, 0, 0, 0, 0, 0, 0, 0, 0, 0, 0, 0, 0, 0, 0]
[0, 0, 0, 2, 0, 0, 0, 0, 0, 0, 0, 0, 0, 0, 0, 0, 0, 0, 0]
[0, 0, 0, 0, 0, 0, 0, 0, 0, 0, 0, 0, 0, 0, 0, 0, 0, 0, 0]
[0, 0, 0, 0, 0, 0, 0, 0, 0, 0, 0, 0, 0, 0, 0, 0, 0, 0, 0]
[0, 0, 0, 0, 0, 0, 0, 0, 0, 0, 0, 0, 0, 0, 0, 0, 0, 0, 0]
MiniMax Cases calculated: 2208315 Calculation time: 17181 ms Total White time: 272249 ms
Black: 1050215 White: 137
White Move: [14, 4]
[0, 0, 0, 0, 0, 2, 0, 0, 0, 0, 0, 0, 0, 0, 0, 0, 0, 0, 0]
[0, 0, 0, 0, 0, 2, 1, 1, 1, 1, 2, 0, 0, 0, 0, 0, 0, 0, 0]
[0, 0, 0, 0, 0, 2, 1, 1, 1, 2, 0, 0, 0, 0, 0, 0, 0, 0, 0]
[0, 0, 0, 0, 0, 2, 2, 2, 1, 1, 1, 2, 0, 0, 0, 0, 0, 0, 0]
[0, 0, 0, 2, 2, 0, 1, 1, 2, 1, 2, 0, 0, 0, 0, 0, 0, 0, 0]
[0, 2, 0, 1, 0, 1, 2, 1, 2, 2, 2, 0, 0, 0, 0, 0, 0, 0, 0]
[0, 0, 1, 0, 2, 2, 1, 1, 1, 2, 0, 0, 0, 0, 0, 0, 0, 0, 0]
[0, 1, 2, 1, 2, 1, 1, 2, 0, 2, 0, 0, 0, 0, 0, 0, 0, 0, 0]
[0, 1, 2, 1, 1, 1, 1, 2, 1, 0, 2, 2, 0, 0, 0, 0, 0, 0, 0]
[0, 2, 1, 2, 2, 1, 1, 1, 2, 2, 1, 0, 0, 0, 0, 0, 0, 0, 0]
[0, 1, 0, 2, 1, 2, 2, 0, 1, 1, 1, 2, 0, 0, 0, 0, 0, 0, 0]
[0, 2, 1, 2, 0, 0, 0, 0, 1, 2, 2, 0, 0, 0, 0, 0, 0, 0, 0]
[0, 0, 1, 2, 2, 2, 0, 2, 0, 0, 0, 0, 0, 0, 0, 0, 0, 0, 0]
[0, 1, 2, 1, 1, 0, 0, 0, 0, 0, 0, 0, 0, 0, 0, 0, 0, 0, 0]
[0, 2, 1, 1, 1, 0, 0, 0, 0, 0, 0, 0, 0, 0, 0, 0, 0, 0, 0]
[0, 0, 0, 2, 0, 0, 0, 0, 0, 0, 0, 0, 0, 0, 0, 0, 0, 0, 0]
[0, 0, 0, 0, 0, 0, 0, 0, 0, 0, 0, 0, 0, 0, 0, 0, 0, 0, 0]
[0, 0, 0, 0, 0, 0, 0, 0, 0, 0, 0, 0, 0, 0, 0, 0, 0, 0, 0]
[0, 0, 0, 0, 0, 0, 0, 0, 0, 0, 0, 0, 0, 0, 0, 0, 0, 0, 0]
MiniMax Cases calculated: 2206702 Calculation time: 17389 ms Total Black time: 217413 ms
Black: 1050219 White: 131
Black Move: [14, 5]
[0, 0, 0, 0, 0, 2, 0, 0, 0, 0, 0, 0, 0, 0, 0, 0, 0, 0, 0]
[0, 0, 0, 0, 0, 2, 1, 1, 1, 1, 2, 0, 0, 0, 0, 0, 0, 0, 0]
[0, 0, 0, 0, 0, 2, 1, 1, 1, 2, 0, 0, 0, 0, 0, 0, 0, 0, 0]
[0, 0, 0, 0, 0, 2, 2, 2, 1, 1, 1, 2, 0, 0, 0, 0, 0, 0, 0]
[0, 0, 0, 2, 2, 0, 1, 1, 2, 1, 2, 0, 0, 0, 0, 0, 0, 0, 0]
[0, 2, 0, 1, 0, 1, 2, 1, 2, 2, 2, 0, 0, 0, 0, 0, 0, 0, 0]
[0, 0, 1, 0, 2, 2, 1, 1, 1, 2, 0, 0, 0, 0, 0, 0, 0, 0, 0]
[0, 1, 2, 1, 2, 1, 1, 2, 0, 2, 0, 0, 0, 0, 0, 0, 0, 0, 0]
[0, 1, 2, 1, 1, 1, 1, 2, 1, 0, 2, 2, 0, 0, 0, 0, 0, 0, 0]
[0, 2, 1, 2, 2, 1, 1, 1, 2, 2, 1, 0, 0, 0, 0, 0, 0, 0, 0]
[0, 1, 0, 2, 1, 2, 2, 0, 1, 1, 1, 2, 0, 0, 0, 0, 0, 0, 0]
[0, 2, 1, 2, 0, 0, 0, 0, 1, 2, 2, 0, 0, 0, 0, 0, 0, 0, 0]
[0, 0, 1, 2, 2, 2, 0, 2, 0, 0, 0, 0, 0, 0, 0, 0, 0, 0, 0]
[0, 1, 2, 1, 1, 0, 0, 0, 0, 0, 0, 0, 0, 0, 0, 0, 0, 0, 0]
[0, 2, 1, 1, 1, 2, 0, 0, 0, 0, 0, 0, 0, 0, 0, 0, 0, 0, 0]
[0, 0, 0, 2, 0, 0, 0, 0, 0, 0, 0, 0, 0, 0, 0, 0, 0, 0, 0]
[0, 0, 0, 0, 0, 0, 0, 0, 0, 0, 0, 0, 0, 0, 0, 0, 0, 0, 0]
[0, 0, 0, 0, 0, 0, 0, 0, 0, 0, 0, 0, 0, 0, 0, 0, 0, 0, 0]
[0, 0, 0, 0, 0, 0, 0, 0, 0, 0, 0, 0, 0, 0, 0, 0, 0, 0, 0]
MiniMax Cases calculated: 2263036 Calculation time: 17226 ms Total White time: 289475 ms
Black: 1050214 White: 138
White Move: [12, 9]
[0, 0, 0, 0, 0, 2, 0, 0, 0, 0, 0, 0, 0, 0, 0, 0, 0, 0, 0]
[0, 0, 0, 0, 0, 2, 1, 1, 1, 1, 2, 0, 0, 0, 0, 0, 0, 0, 0]
[0, 0, 0, 0, 0, 2, 1, 1, 1, 2, 0, 0, 0, 0, 0, 0, 0, 0, 0]
[0, 0, 0, 0, 0, 2, 2, 2, 1, 1, 1, 2, 0, 0, 0, 0, 0, 0, 0]
[0, 0, 0, 2, 2, 0, 1, 1, 2, 1, 2, 0, 0, 0, 0, 0, 0, 0, 0]
[0, 2, 0, 1, 0, 1, 2, 1, 2, 2, 2, 0, 0, 0, 0, 0, 0, 0, 0]
[0, 0, 1, 0, 2, 2, 1, 1, 1, 2, 0, 0, 0, 0, 0, 0, 0, 0, 0]
[0, 1, 2, 1, 2, 1, 1, 2, 0, 2, 0, 0, 0, 0, 0, 0, 0, 0, 0]
[0, 1, 2, 1, 1, 1, 1, 2, 1, 0, 2, 2, 0, 0, 0, 0, 0, 0, 0]
[0, 2, 1, 2, 2, 1, 1, 1, 2, 2, 1, 0, 0, 0, 0, 0, 0, 0, 0]
[0, 1, 0, 2, 1, 2, 2, 0, 1, 1, 1, 2, 0, 0, 0, 0, 0, 0, 0]
[0, 2, 1, 2, 0, 0, 0, 0, 1, 2, 2, 0, 0, 0, 0, 0, 0, 0, 0]
[0, 0, 1, 2, 2, 2, 0, 2, 0, 1, 0, 0, 0, 0, 0, 0, 0, 0, 0]
[0, 1, 2, 1, 1, 0, 0, 0, 0, 0, 0, 0, 0, 0, 0, 0, 0, 0, 0]
[0, 2, 1, 1, 1, 2, 0, 0, 0, 0, 0, 0, 0, 0, 0, 0, 0, 0, 0]
[0, 0, 0, 2, 0, 0, 0, 0, 0, 0, 0, 0, 0, 0, 0, 0, 0, 0, 0]
[0, 0, 0, 0, 0, 0, 0, 0, 0, 0, 0, 0, 0, 0, 0, 0, 0, 0, 0]
[0, 0, 0, 0, 0, 0, 0, 0, 0, 0, 0, 0, 0, 0, 0, 0, 0, 0, 0]
[0, 0, 0, 0, 0, 0, 0, 0, 0, 0, 0, 0, 0, 0, 0, 0, 0, 0, 0]
Finisher!
MiniMax Cases calculated: 46 Calculation time: 0 ms Total Black time: 217413 ms
Black: 1050218 White: 127
Black Move: [10, 7]
[0, 0, 0, 0, 0, 2, 0, 0, 0, 0, 0, 0, 0, 0, 0, 0, 0, 0, 0]
[0, 0, 0, 0, 0, 2, 1, 1, 1, 1, 2, 0, 0, 0, 0, 0, 0, 0, 0]
[0, 0, 0, 0, 0, 2, 1, 1, 1, 2, 0, 0, 0, 0, 0, 0, 0, 0, 0]
[0, 0, 0, 0, 0, 2, 2, 2, 1, 1, 1, 2, 0, 0, 0, 0, 0, 0, 0]
[0, 0, 0, 2, 2, 0, 1, 1, 2, 1, 2, 0, 0, 0, 0, 0, 0, 0, 0]
[0, 2, 0, 1, 0, 1, 2, 1, 2, 2, 2, 0, 0, 0, 0, 0, 0, 0, 0]
[0, 0, 1, 0, 2, 2, 1, 1, 1, 2, 0, 0, 0, 0, 0, 0, 0, 0, 0]
[0, 1, 2, 1, 2, 1, 1, 2, 0, 2, 0, 0, 0, 0, 0, 0, 0, 0, 0]
[0, 1, 2, 1, 1, 1, 1, 2, 1, 0, 2, 2, 0, 0, 0, 0, 0, 0, 0]
[0, 2, 1, 2, 2, 1, 1, 1, 2, 2, 1, 0, 0, 0, 0, 0, 0, 0, 0]
[0, 1, 0, 2, 1, 2, 2, 2, 1, 1, 1, 2, 0, 0, 0, 0, 0, 0, 0]
[0, 2, 1, 2, 0, 0, 0, 0, 1, 2, 2, 0, 0, 0, 0, 0, 0, 0, 0]
[0, 0, 1, 2, 2, 2, 0, 2, 0, 1, 0, 0, 0, 0, 0, 0, 0, 0, 0]
[0, 1, 2, 1, 1, 0, 0, 0, 0, 0, 0, 0, 0, 0, 0, 0, 0, 0, 0]
[0, 2, 1, 1, 1, 2, 0, 0, 0, 0, 0, 0, 0, 0, 0, 0, 0, 0, 0]
[0, 0, 0, 2, 0, 0, 0, 0, 0, 0, 0, 0, 0, 0, 0, 0, 0, 0, 0]
[0, 0, 0, 0, 0, 0, 0, 0, 0, 0, 0, 0, 0, 0, 0, 0, 0, 0, 0]
[0, 0, 0, 0, 0, 0, 0, 0, 0, 0, 0, 0, 0, 0, 0, 0, 0, 0, 0]
[0, 0, 0, 0, 0, 0, 0, 0, 0, 0, 0, 0, 0, 0, 0, 0, 0, 0, 0]
MiniMax Cases calculated: 3219803 Calculation time: 25341 ms Total White time: 314816 ms
Black: 1050216 White: 134
White Move: [12, 10]
[0, 0, 0, 0, 0, 2, 0, 0, 0, 0, 0, 0, 0, 0, 0, 0, 0, 0, 0]
[0, 0, 0, 0, 0, 2, 1, 1, 1, 1, 2, 0, 0, 0, 0, 0, 0, 0, 0]
[0, 0, 0, 0, 0, 2, 1, 1, 1, 2, 0, 0, 0, 0, 0, 0, 0, 0, 0]
[0, 0, 0, 0, 0, 2, 2, 2, 1, 1, 1, 2, 0, 0, 0, 0, 0, 0, 0]
[0, 0, 0, 2, 2, 0, 1, 1, 2, 1, 2, 0, 0, 0, 0, 0, 0, 0, 0]
[0, 2, 0, 1, 0, 1, 2, 1, 2, 2, 2, 0, 0, 0, 0, 0, 0, 0, 0]
[0, 0, 1, 0, 2, 2, 1, 1, 1, 2, 0, 0, 0, 0, 0, 0, 0, 0, 0]
[0, 1, 2, 1, 2, 1, 1, 2, 0, 2, 0, 0, 0, 0, 0, 0, 0, 0, 0]
[0, 1, 2, 1, 1, 1, 1, 2, 1, 0, 2, 2, 0, 0, 0, 0, 0, 0, 0]
[0, 2, 1, 2, 2, 1, 1, 1, 2, 2, 1, 0, 0, 0, 0, 0, 0, 0, 0]
[0, 1, 0, 2, 1, 2, 2, 2, 1, 1, 1, 2, 0, 0, 0, 0, 0, 0, 0]
[0, 2, 1, 2, 0, 0, 0, 0, 1, 2, 2, 0, 0, 0, 0, 0, 0, 0, 0]
[0, 0, 1, 2, 2, 2, 0, 2, 0, 1, 1, 0, 0, 0, 0, 0, 0, 0, 0]
[0, 1, 2, 1, 1, 0, 0, 0, 0, 0, 0, 0, 0, 0, 0, 0, 0, 0, 0]
[0, 2, 1, 1, 1, 2, 0, 0, 0, 0, 0, 0, 0, 0, 0, 0, 0, 0, 0]
[0, 0, 0, 2, 0, 0, 0, 0, 0, 0, 0, 0, 0, 0, 0, 0, 0, 0, 0]
[0, 0, 0, 0, 0, 0, 0, 0, 0, 0, 0, 0, 0, 0, 0, 0, 0, 0, 0]
[0, 0, 0, 0, 0, 0, 0, 0, 0, 0, 0, 0, 0, 0, 0, 0, 0, 0, 0]
[0, 0, 0, 0, 0, 0, 0, 0, 0, 0, 0, 0, 0, 0, 0, 0, 0, 0, 0]
MiniMax Cases calculated: 3615646 Calculation time: 29387 ms Total Black time: 246800 ms
Black: 1050221 White: 132
Black Move: [12, 11]
[0, 0, 0, 0, 0, 2, 0, 0, 0, 0, 0, 0, 0, 0, 0, 0, 0, 0, 0]
[0, 0, 0, 0, 0, 2, 1, 1, 1, 1, 2, 0, 0, 0, 0, 0, 0, 0, 0]
[0, 0, 0, 0, 0, 2, 1, 1, 1, 2, 0, 0, 0, 0, 0, 0, 0, 0, 0]
[0, 0, 0, 0, 0, 2, 2, 2, 1, 1, 1, 2, 0, 0, 0, 0, 0, 0, 0]
[0, 0, 0, 2, 2, 0, 1, 1, 2, 1, 2, 0, 0, 0, 0, 0, 0, 0, 0]
[0, 2, 0, 1, 0, 1, 2, 1, 2, 2, 2, 0, 0, 0, 0, 0, 0, 0, 0]
[0, 0, 1, 0, 2, 2, 1, 1, 1, 2, 0, 0, 0, 0, 0, 0, 0, 0, 0]
[0, 1, 2, 1, 2, 1, 1, 2, 0, 2, 0, 0, 0, 0, 0, 0, 0, 0, 0]
[0, 1, 2, 1, 1, 1, 1, 2, 1, 0, 2, 2, 0, 0, 0, 0, 0, 0, 0]
[0, 2, 1, 2, 2, 1, 1, 1, 2, 2, 1, 0, 0, 0, 0, 0, 0, 0, 0]
[0, 1, 0, 2, 1, 2, 2, 2, 1, 1, 1, 2, 0, 0, 0, 0, 0, 0, 0]
[0, 2, 1, 2, 0, 0, 0, 0, 1, 2, 2, 0, 0, 0, 0, 0, 0, 0, 0]
[0, 0, 1, 2, 2, 2, 0, 2, 0, 1, 1, 2, 0, 0, 0, 0, 0, 0, 0]
[0, 1, 2, 1, 1, 0, 0, 0, 0, 0, 0, 0, 0, 0, 0, 0, 0, 0, 0]
[0, 2, 1, 1, 1, 2, 0, 0, 0, 0, 0, 0, 0, 0, 0, 0, 0, 0, 0]
[0, 0, 0, 2, 0, 0, 0, 0, 0, 0, 0, 0, 0, 0, 0, 0, 0, 0, 0]
[0, 0, 0, 0, 0, 0, 0, 0, 0, 0, 0, 0, 0, 0, 0, 0, 0, 0, 0]
[0, 0, 0, 0, 0, 0, 0, 0, 0, 0, 0, 0, 0, 0, 0, 0, 0, 0, 0]
[0, 0, 0, 0, 0, 0, 0, 0, 0, 0, 0, 0, 0, 0, 0, 0, 0, 0, 0]
MiniMax Cases calculated: 3251372 Calculation time: 25088 ms Total White time: 339904 ms
Black: 1050218 White: 139
White Move: [11, 11]
[0, 0, 0, 0, 0, 2, 0, 0, 0, 0, 0, 0, 0, 0, 0, 0, 0, 0, 0]
[0, 0, 0, 0, 0, 2, 1, 1, 1, 1, 2, 0, 0, 0, 0, 0, 0, 0, 0]
[0, 0, 0, 0, 0, 2, 1, 1, 1, 2, 0, 0, 0, 0, 0, 0, 0, 0, 0]
[0, 0, 0, 0, 0, 2, 2, 2, 1, 1, 1, 2, 0, 0, 0, 0, 0, 0, 0]
[0, 0, 0, 2, 2, 0, 1, 1, 2, 1, 2, 0, 0, 0, 0, 0, 0, 0, 0]
[0, 2, 0, 1, 0, 1, 2, 1, 2, 2, 2, 0, 0, 0, 0, 0, 0, 0, 0]
[0, 0, 1, 0, 2, 2, 1, 1, 1, 2, 0, 0, 0, 0, 0, 0, 0, 0, 0]
[0, 1, 2, 1, 2, 1, 1, 2, 0, 2, 0, 0, 0, 0, 0, 0, 0, 0, 0]
[0, 1, 2, 1, 1, 1, 1, 2, 1, 0, 2, 2, 0, 0, 0, 0, 0, 0, 0]
[0, 2, 1, 2, 2, 1, 1, 1, 2, 2, 1, 0, 0, 0, 0, 0, 0, 0, 0]
[0, 1, 0, 2, 1, 2, 2, 2, 1, 1, 1, 2, 0, 0, 0, 0, 0, 0, 0]
[0, 2, 1, 2, 0, 0, 0, 0, 1, 2, 2, 1, 0, 0, 0, 0, 0, 0, 0]
[0, 0, 1, 2, 2, 2, 0, 2, 0, 1, 1, 2, 0, 0, 0, 0, 0, 0, 0]
[0, 1, 2, 1, 1, 0, 0, 0, 0, 0, 0, 0, 0, 0, 0, 0, 0, 0, 0]
[0, 2, 1, 1, 1, 2, 0, 0, 0, 0, 0, 0, 0, 0, 0, 0, 0, 0, 0]
[0, 0, 0, 2, 0, 0, 0, 0, 0, 0, 0, 0, 0, 0, 0, 0, 0, 0, 0]
[0, 0, 0, 0, 0, 0, 0, 0, 0, 0, 0, 0, 0, 0, 0, 0, 0, 0, 0]
[0, 0, 0, 0, 0, 0, 0, 0, 0, 0, 0, 0, 0, 0, 0, 0, 0, 0, 0]
[0, 0, 0, 0, 0, 0, 0, 0, 0, 0, 0, 0, 0, 0, 0, 0, 0, 0, 0]
MiniMax Cases calculated: 3049058 Calculation time: 24732 ms Total Black time: 271532 ms
Black: 1050223 White: 137
Black Move: [10, 12]
[0, 0, 0, 0, 0, 2, 0, 0, 0, 0, 0, 0, 0, 0, 0, 0, 0, 0, 0]
[0, 0, 0, 0, 0, 2, 1, 1, 1, 1, 2, 0, 0, 0, 0, 0, 0, 0, 0]
[0, 0, 0, 0, 0, 2, 1, 1, 1, 2, 0, 0, 0, 0, 0, 0, 0, 0, 0]
[0, 0, 0, 0, 0, 2, 2, 2, 1, 1, 1, 2, 0, 0, 0, 0, 0, 0, 0]
[0, 0, 0, 2, 2, 0, 1, 1, 2, 1, 2, 0, 0, 0, 0, 0, 0, 0, 0]
[0, 2, 0, 1, 0, 1, 2, 1, 2, 2, 2, 0, 0, 0, 0, 0, 0, 0, 0]
[0, 0, 1, 0, 2, 2, 1, 1, 1, 2, 0, 0, 0, 0, 0, 0, 0, 0, 0]
[0, 1, 2, 1, 2, 1, 1, 2, 0, 2, 0, 0, 0, 0, 0, 0, 0, 0, 0]
[0, 1, 2, 1, 1, 1, 1, 2, 1, 0, 2, 2, 0, 0, 0, 0, 0, 0, 0]
[0, 2, 1, 2, 2, 1, 1, 1, 2, 2, 1, 0, 0, 0, 0, 0, 0, 0, 0]
[0, 1, 0, 2, 1, 2, 2, 2, 1, 1, 1, 2, 2, 0, 0, 0, 0, 0, 0]
[0, 2, 1, 2, 0, 0, 0, 0, 1, 2, 2, 1, 0, 0, 0, 0, 0, 0, 0]
[0, 0, 1, 2, 2, 2, 0, 2, 0, 1, 1, 2, 0, 0, 0, 0, 0, 0, 0]
[0, 1, 2, 1, 1, 0, 0, 0, 0, 0, 0, 0, 0, 0, 0, 0, 0, 0, 0]
[0, 2, 1, 1, 1, 2, 0, 0, 0, 0, 0, 0, 0, 0, 0, 0, 0, 0, 0]
[0, 0, 0, 2, 0, 0, 0, 0, 0, 0, 0, 0, 0, 0, 0, 0, 0, 0, 0]
[0, 0, 0, 0, 0, 0, 0, 0, 0, 0, 0, 0, 0, 0, 0, 0, 0, 0, 0]
[0, 0, 0, 0, 0, 0, 0, 0, 0, 0, 0, 0, 0, 0, 0, 0, 0, 0, 0]
[0, 0, 0, 0, 0, 0, 0, 0, 0, 0, 0, 0, 0, 0, 0, 0, 0, 0, 0]
MiniMax Cases calculated: 3497653 Calculation time: 27050 ms Total White time: 366954 ms
Black: 1050223 White: 143
White Move: [15, 4]
[0, 0, 0, 0, 0, 2, 0, 0, 0, 0, 0, 0, 0, 0, 0, 0, 0, 0, 0]
[0, 0, 0, 0, 0, 2, 1, 1, 1, 1, 2, 0, 0, 0, 0, 0, 0, 0, 0]
[0, 0, 0, 0, 0, 2, 1, 1, 1, 2, 0, 0, 0, 0, 0, 0, 0, 0, 0]
[0, 0, 0, 0, 0, 2, 2, 2, 1, 1, 1, 2, 0, 0, 0, 0, 0, 0, 0]
[0, 0, 0, 2, 2, 0, 1, 1, 2, 1, 2, 0, 0, 0, 0, 0, 0, 0, 0]
[0, 2, 0, 1, 0, 1, 2, 1, 2, 2, 2, 0, 0, 0, 0, 0, 0, 0, 0]
[0, 0, 1, 0, 2, 2, 1, 1, 1, 2, 0, 0, 0, 0, 0, 0, 0, 0, 0]
[0, 1, 2, 1, 2, 1, 1, 2, 0, 2, 0, 0, 0, 0, 0, 0, 0, 0, 0]
[0, 1, 2, 1, 1, 1, 1, 2, 1, 0, 2, 2, 0, 0, 0, 0, 0, 0, 0]
[0, 2, 1, 2, 2, 1, 1, 1, 2, 2, 1, 0, 0, 0, 0, 0, 0, 0, 0]
[0, 1, 0, 2, 1, 2, 2, 2, 1, 1, 1, 2, 2, 0, 0, 0, 0, 0, 0]
[0, 2, 1, 2, 0, 0, 0, 0, 1, 2, 2, 1, 0, 0, 0, 0, 0, 0, 0]
[0, 0, 1, 2, 2, 2, 0, 2, 0, 1, 1, 2, 0, 0, 0, 0, 0, 0, 0]
[0, 1, 2, 1, 1, 0, 0, 0, 0, 0, 0, 0, 0, 0, 0, 0, 0, 0, 0]
[0, 2, 1, 1, 1, 2, 0, 0, 0, 0, 0, 0, 0, 0, 0, 0, 0, 0, 0]
[0, 0, 0, 2, 1, 0, 0, 0, 0, 0, 0, 0, 0, 0, 0, 0, 0, 0, 0]
[0, 0, 0, 0, 0, 0, 0, 0, 0, 0, 0, 0, 0, 0, 0, 0, 0, 0, 0]
[0, 0, 0, 0, 0, 0, 0, 0, 0, 0, 0, 0, 0, 0, 0, 0, 0, 0, 0]
[0, 0, 0, 0, 0, 0, 0, 0, 0, 0, 0, 0, 0, 0, 0, 0, 0, 0, 0]
MiniMax Cases calculated: 3530243 Calculation time: 27743 ms Total Black time: 299275 ms
Black: 1050232 White: 137
Black Move: [15, 5]
[0, 0, 0, 0, 0, 2, 0, 0, 0, 0, 0, 0, 0, 0, 0, 0, 0, 0, 0]
[0, 0, 0, 0, 0, 2, 1, 1, 1, 1, 2, 0, 0, 0, 0, 0, 0, 0, 0]
[0, 0, 0, 0, 0, 2, 1, 1, 1, 2, 0, 0, 0, 0, 0, 0, 0, 0, 0]
[0, 0, 0, 0, 0, 2, 2, 2, 1, 1, 1, 2, 0, 0, 0, 0, 0, 0, 0]
[0, 0, 0, 2, 2, 0, 1, 1, 2, 1, 2, 0, 0, 0, 0, 0, 0, 0, 0]
[0, 2, 0, 1, 0, 1, 2, 1, 2, 2, 2, 0, 0, 0, 0, 0, 0, 0, 0]
[0, 0, 1, 0, 2, 2, 1, 1, 1, 2, 0, 0, 0, 0, 0, 0, 0, 0, 0]
[0, 1, 2, 1, 2, 1, 1, 2, 0, 2, 0, 0, 0, 0, 0, 0, 0, 0, 0]
[0, 1, 2, 1, 1, 1, 1, 2, 1, 0, 2, 2, 0, 0, 0, 0, 0, 0, 0]
[0, 2, 1, 2, 2, 1, 1, 1, 2, 2, 1, 0, 0, 0, 0, 0, 0, 0, 0]
[0, 1, 0, 2, 1, 2, 2, 2, 1, 1, 1, 2, 2, 0, 0, 0, 0, 0, 0]
[0, 2, 1, 2, 0, 0, 0, 0, 1, 2, 2, 1, 0, 0, 0, 0, 0, 0, 0]
[0, 0, 1, 2, 2, 2, 0, 2, 0, 1, 1, 2, 0, 0, 0, 0, 0, 0, 0]
[0, 1, 2, 1, 1, 0, 0, 0, 0, 0, 0, 0, 0, 0, 0, 0, 0, 0, 0]
[0, 2, 1, 1, 1, 2, 0, 0, 0, 0, 0, 0, 0, 0, 0, 0, 0, 0, 0]
[0, 0, 0, 2, 1, 2, 0, 0, 0, 0, 0, 0, 0, 0, 0, 0, 0, 0, 0]
[0, 0, 0, 0, 0, 0, 0, 0, 0, 0, 0, 0, 0, 0, 0, 0, 0, 0, 0]
[0, 0, 0, 0, 0, 0, 0, 0, 0, 0, 0, 0, 0, 0, 0, 0, 0, 0, 0]
[0, 0, 0, 0, 0, 0, 0, 0, 0, 0, 0, 0, 0, 0, 0, 0, 0, 0, 0]
MiniMax Cases calculated: 3659554 Calculation time: 26034 ms Total White time: 392988 ms
Black: 1050231 White: 335
White Move: [16, 4]
[0, 0, 0, 0, 0, 2, 0, 0, 0, 0, 0, 0, 0, 0, 0, 0, 0, 0, 0]
[0, 0, 0, 0, 0, 2, 1, 1, 1, 1, 2, 0, 0, 0, 0, 0, 0, 0, 0]
[0, 0, 0, 0, 0, 2, 1, 1, 1, 2, 0, 0, 0, 0, 0, 0, 0, 0, 0]
[0, 0, 0, 0, 0, 2, 2, 2, 1, 1, 1, 2, 0, 0, 0, 0, 0, 0, 0]
[0, 0, 0, 2, 2, 0, 1, 1, 2, 1, 2, 0, 0, 0, 0, 0, 0, 0, 0]
[0, 2, 0, 1, 0, 1, 2, 1, 2, 2, 2, 0, 0, 0, 0, 0, 0, 0, 0]
[0, 0, 1, 0, 2, 2, 1, 1, 1, 2, 0, 0, 0, 0, 0, 0, 0, 0, 0]
[0, 1, 2, 1, 2, 1, 1, 2, 0, 2, 0, 0, 0, 0, 0, 0, 0, 0, 0]
[0, 1, 2, 1, 1, 1, 1, 2, 1, 0, 2, 2, 0, 0, 0, 0, 0, 0, 0]
[0, 2, 1, 2, 2, 1, 1, 1, 2, 2, 1, 0, 0, 0, 0, 0, 0, 0, 0]
[0, 1, 0, 2, 1, 2, 2, 2, 1, 1, 1, 2, 2, 0, 0, 0, 0, 0, 0]
[0, 2, 1, 2, 0, 0, 0, 0, 1, 2, 2, 1, 0, 0, 0, 0, 0, 0, 0]
[0, 0, 1, 2, 2, 2, 0, 2, 0, 1, 1, 2, 0, 0, 0, 0, 0, 0, 0]
[0, 1, 2, 1, 1, 0, 0, 0, 0, 0, 0, 0, 0, 0, 0, 0, 0, 0, 0]
[0, 2, 1, 1, 1, 2, 0, 0, 0, 0, 0, 0, 0, 0, 0, 0, 0, 0, 0]
[0, 0, 0, 2, 1, 2, 0, 0, 0, 0, 0, 0, 0, 0, 0, 0, 0, 0, 0]
[0, 0, 0, 0, 1, 0, 0, 0, 0, 0, 0, 0, 0, 0, 0, 0, 0, 0, 0]
[0, 0, 0, 0, 0, 0, 0, 0, 0, 0, 0, 0, 0, 0, 0, 0, 0, 0, 0]
[0, 0, 0, 0, 0, 0, 0, 0, 0, 0, 0, 0, 0, 0, 0, 0, 0, 0, 0]
Finisher!
MiniMax Cases calculated: 80 Calculation time: 1 ms Total Black time: 299276 ms
Black: 1050235 White: 135
Black Move: [17, 4]
[0, 0, 0, 0, 0, 2, 0, 0, 0, 0, 0, 0, 0, 0, 0, 0, 0, 0, 0]
[0, 0, 0, 0, 0, 2, 1, 1, 1, 1, 2, 0, 0, 0, 0, 0, 0, 0, 0]
[0, 0, 0, 0, 0, 2, 1, 1, 1, 2, 0, 0, 0, 0, 0, 0, 0, 0, 0]
[0, 0, 0, 0, 0, 2, 2, 2, 1, 1, 1, 2, 0, 0, 0, 0, 0, 0, 0]
[0, 0, 0, 2, 2, 0, 1, 1, 2, 1, 2, 0, 0, 0, 0, 0, 0, 0, 0]
[0, 2, 0, 1, 0, 1, 2, 1, 2, 2, 2, 0, 0, 0, 0, 0, 0, 0, 0]
[0, 0, 1, 0, 2, 2, 1, 1, 1, 2, 0, 0, 0, 0, 0, 0, 0, 0, 0]
[0, 1, 2, 1, 2, 1, 1, 2, 0, 2, 0, 0, 0, 0, 0, 0, 0, 0, 0]
[0, 1, 2, 1, 1, 1, 1, 2, 1, 0, 2, 2, 0, 0, 0, 0, 0, 0, 0]
[0, 2, 1, 2, 2, 1, 1, 1, 2, 2, 1, 0, 0, 0, 0, 0, 0, 0, 0]
[0, 1, 0, 2, 1, 2, 2, 2, 1, 1, 1, 2, 2, 0, 0, 0, 0, 0, 0]
[0, 2, 1, 2, 0, 0, 0, 0, 1, 2, 2, 1, 0, 0, 0, 0, 0, 0, 0]
[0, 0, 1, 2, 2, 2, 0, 2, 0, 1, 1, 2, 0, 0, 0, 0, 0, 0, 0]
[0, 1, 2, 1, 1, 0, 0, 0, 0, 0, 0, 0, 0, 0, 0, 0, 0, 0, 0]
[0, 2, 1, 1, 1, 2, 0, 0, 0, 0, 0, 0, 0, 0, 0, 0, 0, 0, 0]
[0, 0, 0, 2, 1, 2, 0, 0, 0, 0, 0, 0, 0, 0, 0, 0, 0, 0, 0]
[0, 0, 0, 0, 1, 0, 0, 0, 0, 0, 0, 0, 0, 0, 0, 0, 0, 0, 0]
[0, 0, 0, 0, 2, 0, 0, 0, 0, 0, 0, 0, 0, 0, 0, 0, 0, 0, 0]
[0, 0, 0, 0, 0, 0, 0, 0, 0, 0, 0, 0, 0, 0, 0, 0, 0, 0, 0]
MiniMax Cases calculated: 1498356 Calculation time: 10870 ms Total White time: 403858 ms
Black: 1050231 White: 143
White Move: [16, 5]
[0, 0, 0, 0, 0, 2, 0, 0, 0, 0, 0, 0, 0, 0, 0, 0, 0, 0, 0]
[0, 0, 0, 0, 0, 2, 1, 1, 1, 1, 2, 0, 0, 0, 0, 0, 0, 0, 0]
[0, 0, 0, 0, 0, 2, 1, 1, 1, 2, 0, 0, 0, 0, 0, 0, 0, 0, 0]
[0, 0, 0, 0, 0, 2, 2, 2, 1, 1, 1, 2, 0, 0, 0, 0, 0, 0, 0]
[0, 0, 0, 2, 2, 0, 1, 1, 2, 1, 2, 0, 0, 0, 0, 0, 0, 0, 0]
[0, 2, 0, 1, 0, 1, 2, 1, 2, 2, 2, 0, 0, 0, 0, 0, 0, 0, 0]
[0, 0, 1, 0, 2, 2, 1, 1, 1, 2, 0, 0, 0, 0, 0, 0, 0, 0, 0]
[0, 1, 2, 1, 2, 1, 1, 2, 0, 2, 0, 0, 0, 0, 0, 0, 0, 0, 0]
[0, 1, 2, 1, 1, 1, 1, 2, 1, 0, 2, 2, 0, 0, 0, 0, 0, 0, 0]
[0, 2, 1, 2, 2, 1, 1, 1, 2, 2, 1, 0, 0, 0, 0, 0, 0, 0, 0]
[0, 1, 0, 2, 1, 2, 2, 2, 1, 1, 1, 2, 2, 0, 0, 0, 0, 0, 0]
[0, 2, 1, 2, 0, 0, 0, 0, 1, 2, 2, 1, 0, 0, 0, 0, 0, 0, 0]
[0, 0, 1, 2, 2, 2, 0, 2, 0, 1, 1, 2, 0, 0, 0, 0, 0, 0, 0]
[0, 1, 2, 1, 1, 0, 0, 0, 0, 0, 0, 0, 0, 0, 0, 0, 0, 0, 0]
[0, 2, 1, 1, 1, 2, 0, 0, 0, 0, 0, 0, 0, 0, 0, 0, 0, 0, 0]
[0, 0, 0, 2, 1, 2, 0, 0, 0, 0, 0, 0, 0, 0, 0, 0, 0, 0, 0]
[0, 0, 0, 0, 1, 1, 0, 0, 0, 0, 0, 0, 0, 0, 0, 0, 0, 0, 0]
[0, 0, 0, 0, 2, 0, 0, 0, 0, 0, 0, 0, 0, 0, 0, 0, 0, 0, 0]
[0, 0, 0, 0, 0, 0, 0, 0, 0, 0, 0, 0, 0, 0, 0, 0, 0, 0, 0]
MiniMax Cases calculated: 3890370 Calculation time: 29568 ms Total Black time: 328844 ms
Black: 1050236 White: 143
Black Move: [16, 2]
[0, 0, 0, 0, 0, 2, 0, 0, 0, 0, 0, 0, 0, 0, 0, 0, 0, 0, 0]
[0, 0, 0, 0, 0, 2, 1, 1, 1, 1, 2, 0, 0, 0, 0, 0, 0, 0, 0]
[0, 0, 0, 0, 0, 2, 1, 1, 1, 2, 0, 0, 0, 0, 0, 0, 0, 0, 0]
[0, 0, 0, 0, 0, 2, 2, 2, 1, 1, 1, 2, 0, 0, 0, 0, 0, 0, 0]
[0, 0, 0, 2, 2, 0, 1, 1, 2, 1, 2, 0, 0, 0, 0, 0, 0, 0, 0]
[0, 2, 0, 1, 0, 1, 2, 1, 2, 2, 2, 0, 0, 0, 0, 0, 0, 0, 0]
[0, 0, 1, 0, 2, 2, 1, 1, 1, 2, 0, 0, 0, 0, 0, 0, 0, 0, 0]
[0, 1, 2, 1, 2, 1, 1, 2, 0, 2, 0, 0, 0, 0, 0, 0, 0, 0, 0]
[0, 1, 2, 1, 1, 1, 1, 2, 1, 0, 2, 2, 0, 0, 0, 0, 0, 0, 0]
[0, 2, 1, 2, 2, 1, 1, 1, 2, 2, 1, 0, 0, 0, 0, 0, 0, 0, 0]
[0, 1, 0, 2, 1, 2, 2, 2, 1, 1, 1, 2, 2, 0, 0, 0, 0, 0, 0]
[0, 2, 1, 2, 0, 0, 0, 0, 1, 2, 2, 1, 0, 0, 0, 0, 0, 0, 0]
[0, 0, 1, 2, 2, 2, 0, 2, 0, 1, 1, 2, 0, 0, 0, 0, 0, 0, 0]
[0, 1, 2, 1, 1, 0, 0, 0, 0, 0, 0, 0, 0, 0, 0, 0, 0, 0, 0]
[0, 2, 1, 1, 1, 2, 0, 0, 0, 0, 0, 0, 0, 0, 0, 0, 0, 0, 0]
[0, 0, 0, 2, 1, 2, 0, 0, 0, 0, 0, 0, 0, 0, 0, 0, 0, 0, 0]
[0, 0, 2, 0, 1, 1, 0, 0, 0, 0, 0, 0, 0, 0, 0, 0, 0, 0, 0]
[0, 0, 0, 0, 2, 0, 0, 0, 0, 0, 0, 0, 0, 0, 0, 0, 0, 0, 0]
[0, 0, 0, 0, 0, 0, 0, 0, 0, 0, 0, 0, 0, 0, 0, 0, 0, 0, 0]
MiniMax Cases calculated: 3944955 Calculation time: 28766 ms Total White time: 432624 ms
Black: 1050235 White: 341
White Move: [16, 6]
[0, 0, 0, 0, 0, 2, 0, 0, 0, 0, 0, 0, 0, 0, 0, 0, 0, 0, 0]
[0, 0, 0, 0, 0, 2, 1, 1, 1, 1, 2, 0, 0, 0, 0, 0, 0, 0, 0]
[0, 0, 0, 0, 0, 2, 1, 1, 1, 2, 0, 0, 0, 0, 0, 0, 0, 0, 0]
[0, 0, 0, 0, 0, 2, 2, 2, 1, 1, 1, 2, 0, 0, 0, 0, 0, 0, 0]
[0, 0, 0, 2, 2, 0, 1, 1, 2, 1, 2, 0, 0, 0, 0, 0, 0, 0, 0]
[0, 2, 0, 1, 0, 1, 2, 1, 2, 2, 2, 0, 0, 0, 0, 0, 0, 0, 0]
[0, 0, 1, 0, 2, 2, 1, 1, 1, 2, 0, 0, 0, 0, 0, 0, 0, 0, 0]
[0, 1, 2, 1, 2, 1, 1, 2, 0, 2, 0, 0, 0, 0, 0, 0, 0, 0, 0]
[0, 1, 2, 1, 1, 1, 1, 2, 1, 0, 2, 2, 0, 0, 0, 0, 0, 0, 0]
[0, 2, 1, 2, 2, 1, 1, 1, 2, 2, 1, 0, 0, 0, 0, 0, 0, 0, 0]
[0, 1, 0, 2, 1, 2, 2, 2, 1, 1, 1, 2, 2, 0, 0, 0, 0, 0, 0]
[0, 2, 1, 2, 0, 0, 0, 0, 1, 2, 2, 1, 0, 0, 0, 0, 0, 0, 0]
[0, 0, 1, 2, 2, 2, 0, 2, 0, 1, 1, 2, 0, 0, 0, 0, 0, 0, 0]
[0, 1, 2, 1, 1, 0, 0, 0, 0, 0, 0, 0, 0, 0, 0, 0, 0, 0, 0]
[0, 2, 1, 1, 1, 2, 0, 0, 0, 0, 0, 0, 0, 0, 0, 0, 0, 0, 0]
[0, 0, 0, 2, 1, 2, 0, 0, 0, 0, 0, 0, 0, 0, 0, 0, 0, 0, 0]
[0, 0, 2, 0, 1, 1, 1, 0, 0, 0, 0, 0, 0, 0, 0, 0, 0, 0, 0]
[0, 0, 0, 0, 2, 0, 0, 0, 0, 0, 0, 0, 0, 0, 0, 0, 0, 0, 0]
[0, 0, 0, 0, 0, 0, 0, 0, 0, 0, 0, 0, 0, 0, 0, 0, 0, 0, 0]
MiniMax Cases calculated: 4636006 Calculation time: 34984 ms Total Black time: 363828 ms
Black: 1050239 White: 146
Black Move: [16, 7]
[0, 0, 0, 0, 0, 2, 0, 0, 0, 0, 0, 0, 0, 0, 0, 0, 0, 0, 0]
[0, 0, 0, 0, 0, 2, 1, 1, 1, 1, 2, 0, 0, 0, 0, 0, 0, 0, 0]
[0, 0, 0, 0, 0, 2, 1, 1, 1, 2, 0, 0, 0, 0, 0, 0, 0, 0, 0]
[0, 0, 0, 0, 0, 2, 2, 2, 1, 1, 1, 2, 0, 0, 0, 0, 0, 0, 0]
[0, 0, 0, 2, 2, 0, 1, 1, 2, 1, 2, 0, 0, 0, 0, 0, 0, 0, 0]
[0, 2, 0, 1, 0, 1, 2, 1, 2, 2, 2, 0, 0, 0, 0, 0, 0, 0, 0]
[0, 0, 1, 0, 2, 2, 1, 1, 1, 2, 0, 0, 0, 0, 0, 0, 0, 0, 0]
[0, 1, 2, 1, 2, 1, 1, 2, 0, 2, 0, 0, 0, 0, 0, 0, 0, 0, 0]
[0, 1, 2, 1, 1, 1, 1, 2, 1, 0, 2, 2, 0, 0, 0, 0, 0, 0, 0]
[0, 2, 1, 2, 2, 1, 1, 1, 2, 2, 1, 0, 0, 0, 0, 0, 0, 0, 0]
[0, 1, 0, 2, 1, 2, 2, 2, 1, 1, 1, 2, 2, 0, 0, 0, 0, 0, 0]
[0, 2, 1, 2, 0, 0, 0, 0, 1, 2, 2, 1, 0, 0, 0, 0, 0, 0, 0]
[0, 0, 1, 2, 2, 2, 0, 2, 0, 1, 1, 2, 0, 0, 0, 0, 0, 0, 0]
[0, 1, 2, 1, 1, 0, 0, 0, 0, 0, 0, 0, 0, 0, 0, 0, 0, 0, 0]
[0, 2, 1, 1, 1, 2, 0, 0, 0, 0, 0, 0, 0, 0, 0, 0, 0, 0, 0]
[0, 0, 0, 2, 1, 2, 0, 0, 0, 0, 0, 0, 0, 0, 0, 0, 0, 0, 0]
[0, 0, 2, 0, 1, 1, 1, 2, 0, 0, 0, 0, 0, 0, 0, 0, 0, 0, 0]
[0, 0, 0, 0, 2, 0, 0, 0, 0, 0, 0, 0, 0, 0, 0, 0, 0, 0, 0]
[0, 0, 0, 0, 0, 0, 0, 0, 0, 0, 0, 0, 0, 0, 0, 0, 0, 0, 0]
MiniMax Cases calculated: 4338281 Calculation time: 32109 ms Total White time: 464733 ms
Black: 1050239 White: 347
White Move: [17, 6]
[0, 0, 0, 0, 0, 2, 0, 0, 0, 0, 0, 0, 0, 0, 0, 0, 0, 0, 0]
[0, 0, 0, 0, 0, 2, 1, 1, 1, 1, 2, 0, 0, 0, 0, 0, 0, 0, 0]
[0, 0, 0, 0, 0, 2, 1, 1, 1, 2, 0, 0, 0, 0, 0, 0, 0, 0, 0]
[0, 0, 0, 0, 0, 2, 2, 2, 1, 1, 1, 2, 0, 0, 0, 0, 0, 0, 0]
[0, 0, 0, 2, 2, 0, 1, 1, 2, 1, 2, 0, 0, 0, 0, 0, 0, 0, 0]
[0, 2, 0, 1, 0, 1, 2, 1, 2, 2, 2, 0, 0, 0, 0, 0, 0, 0, 0]
[0, 0, 1, 0, 2, 2, 1, 1, 1, 2, 0, 0, 0, 0, 0, 0, 0, 0, 0]
[0, 1, 2, 1, 2, 1, 1, 2, 0, 2, 0, 0, 0, 0, 0, 0, 0, 0, 0]
[0, 1, 2, 1, 1, 1, 1, 2, 1, 0, 2, 2, 0, 0, 0, 0, 0, 0, 0]
[0, 2, 1, 2, 2, 1, 1, 1, 2, 2, 1, 0, 0, 0, 0, 0, 0, 0, 0]
[0, 1, 0, 2, 1, 2, 2, 2, 1, 1, 1, 2, 2, 0, 0, 0, 0, 0, 0]
[0, 2, 1, 2, 0, 0, 0, 0, 1, 2, 2, 1, 0, 0, 0, 0, 0, 0, 0]
[0, 0, 1, 2, 2, 2, 0, 2, 0, 1, 1, 2, 0, 0, 0, 0, 0, 0, 0]
[0, 1, 2, 1, 1, 0, 0, 0, 0, 0, 0, 0, 0, 0, 0, 0, 0, 0, 0]
[0, 2, 1, 1, 1, 2, 0, 0, 0, 0, 0, 0, 0, 0, 0, 0, 0, 0, 0]
[0, 0, 0, 2, 1, 2, 0, 0, 0, 0, 0, 0, 0, 0, 0, 0, 0, 0, 0]
[0, 0, 2, 0, 1, 1, 1, 2, 0, 0, 0, 0, 0, 0, 0, 0, 0, 0, 0]
[0, 0, 0, 0, 2, 0, 1, 0, 0, 0, 0, 0, 0, 0, 0, 0, 0, 0, 0]
[0, 0, 0, 0, 0, 0, 0, 0, 0, 0, 0, 0, 0, 0, 0, 0, 0, 0, 0]
Finisher!
MiniMax Cases calculated: 90 Calculation time: 1 ms Total Black time: 363829 ms
Black: 1050242 White: 147
Black Move: [18, 7]
[0, 0, 0, 0, 0, 2, 0, 0, 0, 0, 0, 0, 0, 0, 0, 0, 0, 0, 0]
[0, 0, 0, 0, 0, 2, 1, 1, 1, 1, 2, 0, 0, 0, 0, 0, 0, 0, 0]
[0, 0, 0, 0, 0, 2, 1, 1, 1, 2, 0, 0, 0, 0, 0, 0, 0, 0, 0]
[0, 0, 0, 0, 0, 2, 2, 2, 1, 1, 1, 2, 0, 0, 0, 0, 0, 0, 0]
[0, 0, 0, 2, 2, 0, 1, 1, 2, 1, 2, 0, 0, 0, 0, 0, 0, 0, 0]
[0, 2, 0, 1, 0, 1, 2, 1, 2, 2, 2, 0, 0, 0, 0, 0, 0, 0, 0]
[0, 0, 1, 0, 2, 2, 1, 1, 1, 2, 0, 0, 0, 0, 0, 0, 0, 0, 0]
[0, 1, 2, 1, 2, 1, 1, 2, 0, 2, 0, 0, 0, 0, 0, 0, 0, 0, 0]
[0, 1, 2, 1, 1, 1, 1, 2, 1, 0, 2, 2, 0, 0, 0, 0, 0, 0, 0]
[0, 2, 1, 2, 2, 1, 1, 1, 2, 2, 1, 0, 0, 0, 0, 0, 0, 0, 0]
[0, 1, 0, 2, 1, 2, 2, 2, 1, 1, 1, 2, 2, 0, 0, 0, 0, 0, 0]
[0, 2, 1, 2, 0, 0, 0, 0, 1, 2, 2, 1, 0, 0, 0, 0, 0, 0, 0]
[0, 0, 1, 2, 2, 2, 0, 2, 0, 1, 1, 2, 0, 0, 0, 0, 0, 0, 0]
[0, 1, 2, 1, 1, 0, 0, 0, 0, 0, 0, 0, 0, 0, 0, 0, 0, 0, 0]
[0, 2, 1, 1, 1, 2, 0, 0, 0, 0, 0, 0, 0, 0, 0, 0, 0, 0, 0]
[0, 0, 0, 2, 1, 2, 0, 0, 0, 0, 0, 0, 0, 0, 0, 0, 0, 0, 0]
[0, 0, 2, 0, 1, 1, 1, 2, 0, 0, 0, 0, 0, 0, 0, 0, 0, 0, 0]
[0, 0, 0, 0, 2, 0, 1, 0, 0, 0, 0, 0, 0, 0, 0, 0, 0, 0, 0]
[0, 0, 0, 0, 0, 0, 0, 2, 0, 0, 0, 0, 0, 0, 0, 0, 0, 0, 0]
MiniMax Cases calculated: 3627585 Calculation time: 27775 ms Total White time: 492508 ms
Black: 1050240 White: 345
White Move: [15, 6]
[0, 0, 0, 0, 0, 2, 0, 0, 0, 0, 0, 0, 0, 0, 0, 0, 0, 0, 0]
[0, 0, 0, 0, 0, 2, 1, 1, 1, 1, 2, 0, 0, 0, 0, 0, 0, 0, 0]
[0, 0, 0, 0, 0, 2, 1, 1, 1, 2, 0, 0, 0, 0, 0, 0, 0, 0, 0]
[0, 0, 0, 0, 0, 2, 2, 2, 1, 1, 1, 2, 0, 0, 0, 0, 0, 0, 0]
[0, 0, 0, 2, 2, 0, 1, 1, 2, 1, 2, 0, 0, 0, 0, 0, 0, 0, 0]
[0, 2, 0, 1, 0, 1, 2, 1, 2, 2, 2, 0, 0, 0, 0, 0, 0, 0, 0]
[0, 0, 1, 0, 2, 2, 1, 1, 1, 2, 0, 0, 0, 0, 0, 0, 0, 0, 0]
[0, 1, 2, 1, 2, 1, 1, 2, 0, 2, 0, 0, 0, 0, 0, 0, 0, 0, 0]
[0, 1, 2, 1, 1, 1, 1, 2, 1, 0, 2, 2, 0, 0, 0, 0, 0, 0, 0]
[0, 2, 1, 2, 2, 1, 1, 1, 2, 2, 1, 0, 0, 0, 0, 0, 0, 0, 0]
[0, 1, 0, 2, 1, 2, 2, 2, 1, 1, 1, 2, 2, 0, 0, 0, 0, 0, 0]
[0, 2, 1, 2, 0, 0, 0, 0, 1, 2, 2, 1, 0, 0, 0, 0, 0, 0, 0]
[0, 0, 1, 2, 2, 2, 0, 2, 0, 1, 1, 2, 0, 0, 0, 0, 0, 0, 0]
[0, 1, 2, 1, 1, 0, 0, 0, 0, 0, 0, 0, 0, 0, 0, 0, 0, 0, 0]
[0, 2, 1, 1, 1, 2, 0, 0, 0, 0, 0, 0, 0, 0, 0, 0, 0, 0, 0]
[0, 0, 0, 2, 1, 2, 1, 0, 0, 0, 0, 0, 0, 0, 0, 0, 0, 0, 0]
[0, 0, 2, 0, 1, 1, 1, 2, 0, 0, 0, 0, 0, 0, 0, 0, 0, 0, 0]
[0, 0, 0, 0, 2, 0, 1, 0, 0, 0, 0, 0, 0, 0, 0, 0, 0, 0, 0]
[0, 0, 0, 0, 0, 0, 0, 2, 0, 0, 0, 0, 0, 0, 0, 0, 0, 0, 0]
MiniMax Cases calculated: 4214299 Calculation time: 31790 ms Total Black time: 395619 ms
Black: 1050246 White: 150
Black Move: [14, 6]
[0, 0, 0, 0, 0, 2, 0, 0, 0, 0, 0, 0, 0, 0, 0, 0, 0, 0, 0]
[0, 0, 0, 0, 0, 2, 1, 1, 1, 1, 2, 0, 0, 0, 0, 0, 0, 0, 0]
[0, 0, 0, 0, 0, 2, 1, 1, 1, 2, 0, 0, 0, 0, 0, 0, 0, 0, 0]
[0, 0, 0, 0, 0, 2, 2, 2, 1, 1, 1, 2, 0, 0, 0, 0, 0, 0, 0]
[0, 0, 0, 2, 2, 0, 1, 1, 2, 1, 2, 0, 0, 0, 0, 0, 0, 0, 0]
[0, 2, 0, 1, 0, 1, 2, 1, 2, 2, 2, 0, 0, 0, 0, 0, 0, 0, 0]
[0, 0, 1, 0, 2, 2, 1, 1, 1, 2, 0, 0, 0, 0, 0, 0, 0, 0, 0]
[0, 1, 2, 1, 2, 1, 1, 2, 0, 2, 0, 0, 0, 0, 0, 0, 0, 0, 0]
[0, 1, 2, 1, 1, 1, 1, 2, 1, 0, 2, 2, 0, 0, 0, 0, 0, 0, 0]
[0, 2, 1, 2, 2, 1, 1, 1, 2, 2, 1, 0, 0, 0, 0, 0, 0, 0, 0]
[0, 1, 0, 2, 1, 2, 2, 2, 1, 1, 1, 2, 2, 0, 0, 0, 0, 0, 0]
[0, 2, 1, 2, 0, 0, 0, 0, 1, 2, 2, 1, 0, 0, 0, 0, 0, 0, 0]
[0, 0, 1, 2, 2, 2, 0, 2, 0, 1, 1, 2, 0, 0, 0, 0, 0, 0, 0]
[0, 1, 2, 1, 1, 0, 0, 0, 0, 0, 0, 0, 0, 0, 0, 0, 0, 0, 0]
[0, 2, 1, 1, 1, 2, 2, 0, 0, 0, 0, 0, 0, 0, 0, 0, 0, 0, 0]
[0, 0, 0, 2, 1, 2, 1, 0, 0, 0, 0, 0, 0, 0, 0, 0, 0, 0, 0]
[0, 0, 2, 0, 1, 1, 1, 2, 0, 0, 0, 0, 0, 0, 0, 0, 0, 0, 0]
[0, 0, 0, 0, 2, 0, 1, 0, 0, 0, 0, 0, 0, 0, 0, 0, 0, 0, 0]
[0, 0, 0, 0, 0, 0, 0, 2, 0, 0, 0, 0, 0, 0, 0, 0, 0, 0, 0]
MiniMax Cases calculated: 1010555 Calculation time: 7733 ms Total White time: 500241 ms
Black: 1050246 White: 155
White Move: [13, 8]
[0, 0, 0, 0, 0, 2, 0, 0, 0, 0, 0, 0, 0, 0, 0, 0, 0, 0, 0]
[0, 0, 0, 0, 0, 2, 1, 1, 1, 1, 2, 0, 0, 0, 0, 0, 0, 0, 0]
[0, 0, 0, 0, 0, 2, 1, 1, 1, 2, 0, 0, 0, 0, 0, 0, 0, 0, 0]
[0, 0, 0, 0, 0, 2, 2, 2, 1, 1, 1, 2, 0, 0, 0, 0, 0, 0, 0]
[0, 0, 0, 2, 2, 0, 1, 1, 2, 1, 2, 0, 0, 0, 0, 0, 0, 0, 0]
[0, 2, 0, 1, 0, 1, 2, 1, 2, 2, 2, 0, 0, 0, 0, 0, 0, 0, 0]
[0, 0, 1, 0, 2, 2, 1, 1, 1, 2, 0, 0, 0, 0, 0, 0, 0, 0, 0]
[0, 1, 2, 1, 2, 1, 1, 2, 0, 2, 0, 0, 0, 0, 0, 0, 0, 0, 0]
[0, 1, 2, 1, 1, 1, 1, 2, 1, 0, 2, 2, 0, 0, 0, 0, 0, 0, 0]
[0, 2, 1, 2, 2, 1, 1, 1, 2, 2, 1, 0, 0, 0, 0, 0, 0, 0, 0]
[0, 1, 0, 2, 1, 2, 2, 2, 1, 1, 1, 2, 2, 0, 0, 0, 0, 0, 0]
[0, 2, 1, 2, 0, 0, 0, 0, 1, 2, 2, 1, 0, 0, 0, 0, 0, 0, 0]
[0, 0, 1, 2, 2, 2, 0, 2, 0, 1, 1, 2, 0, 0, 0, 0, 0, 0, 0]
[0, 1, 2, 1, 1, 0, 0, 0, 1, 0, 0, 0, 0, 0, 0, 0, 0, 0, 0]
[0, 2, 1, 1, 1, 2, 2, 0, 0, 0, 0, 0, 0, 0, 0, 0, 0, 0, 0]
[0, 0, 0, 2, 1, 2, 1, 0, 0, 0, 0, 0, 0, 0, 0, 0, 0, 0, 0]
[0, 0, 2, 0, 1, 1, 1, 2, 0, 0, 0, 0, 0, 0, 0, 0, 0, 0, 0]
[0, 0, 0, 0, 2, 0, 1, 0, 0, 0, 0, 0, 0, 0, 0, 0, 0, 0, 0]
[0, 0, 0, 0, 0, 0, 0, 2, 0, 0, 0, 0, 0, 0, 0, 0, 0, 0, 0]
Finisher!
MiniMax Cases calculated: 69 Calculation time: 0 ms Total Black time: 395619 ms
Black: 1050255 White: 149
Black Move: [14, 7]
[0, 0, 0, 0, 0, 2, 0, 0, 0, 0, 0, 0, 0, 0, 0, 0, 0, 0, 0]
[0, 0, 0, 0, 0, 2, 1, 1, 1, 1, 2, 0, 0, 0, 0, 0, 0, 0, 0]
[0, 0, 0, 0, 0, 2, 1, 1, 1, 2, 0, 0, 0, 0, 0, 0, 0, 0, 0]
[0, 0, 0, 0, 0, 2, 2, 2, 1, 1, 1, 2, 0, 0, 0, 0, 0, 0, 0]
[0, 0, 0, 2, 2, 0, 1, 1, 2, 1, 2, 0, 0, 0, 0, 0, 0, 0, 0]
[0, 2, 0, 1, 0, 1, 2, 1, 2, 2, 2, 0, 0, 0, 0, 0, 0, 0, 0]
[0, 0, 1, 0, 2, 2, 1, 1, 1, 2, 0, 0, 0, 0, 0, 0, 0, 0, 0]
[0, 1, 2, 1, 2, 1, 1, 2, 0, 2, 0, 0, 0, 0, 0, 0, 0, 0, 0]
[0, 1, 2, 1, 1, 1, 1, 2, 1, 0, 2, 2, 0, 0, 0, 0, 0, 0, 0]
[0, 2, 1, 2, 2, 1, 1, 1, 2, 2, 1, 0, 0, 0, 0, 0, 0, 0, 0]
[0, 1, 0, 2, 1, 2, 2, 2, 1, 1, 1, 2, 2, 0, 0, 0, 0, 0, 0]
[0, 2, 1, 2, 0, 0, 0, 0, 1, 2, 2, 1, 0, 0, 0, 0, 0, 0, 0]
[0, 0, 1, 2, 2, 2, 0, 2, 0, 1, 1, 2, 0, 0, 0, 0, 0, 0, 0]
[0, 1, 2, 1, 1, 0, 0, 0, 1, 0, 0, 0, 0, 0, 0, 0, 0, 0, 0]
[0, 2, 1, 1, 1, 2, 2, 2, 0, 0, 0, 0, 0, 0, 0, 0, 0, 0, 0]
[0, 0, 0, 2, 1, 2, 1, 0, 0, 0, 0, 0, 0, 0, 0, 0, 0, 0, 0]
[0, 0, 2, 0, 1, 1, 1, 2, 0, 0, 0, 0, 0, 0, 0, 0, 0, 0, 0]
[0, 0, 0, 0, 2, 0, 1, 0, 0, 0, 0, 0, 0, 0, 0, 0, 0, 0, 0]
[0, 0, 0, 0, 0, 0, 0, 2, 0, 0, 0, 0, 0, 0, 0, 0, 0, 0, 0]
MiniMax Cases calculated: 3289870 Calculation time: 24759 ms Total White time: 525000 ms
Black: 1050245 White: 156
White Move: [14, 8]
[0, 0, 0, 0, 0, 2, 0, 0, 0, 0, 0, 0, 0, 0, 0, 0, 0, 0, 0]
[0, 0, 0, 0, 0, 2, 1, 1, 1, 1, 2, 0, 0, 0, 0, 0, 0, 0, 0]
[0, 0, 0, 0, 0, 2, 1, 1, 1, 2, 0, 0, 0, 0, 0, 0, 0, 0, 0]
[0, 0, 0, 0, 0, 2, 2, 2, 1, 1, 1, 2, 0, 0, 0, 0, 0, 0, 0]
[0, 0, 0, 2, 2, 0, 1, 1, 2, 1, 2, 0, 0, 0, 0, 0, 0, 0, 0]
[0, 2, 0, 1, 0, 1, 2, 1, 2, 2, 2, 0, 0, 0, 0, 0, 0, 0, 0]
[0, 0, 1, 0, 2, 2, 1, 1, 1, 2, 0, 0, 0, 0, 0, 0, 0, 0, 0]
[0, 1, 2, 1, 2, 1, 1, 2, 0, 2, 0, 0, 0, 0, 0, 0, 0, 0, 0]
[0, 1, 2, 1, 1, 1, 1, 2, 1, 0, 2, 2, 0, 0, 0, 0, 0, 0, 0]
[0, 2, 1, 2, 2, 1, 1, 1, 2, 2, 1, 0, 0, 0, 0, 0, 0, 0, 0]
[0, 1, 0, 2, 1, 2, 2, 2, 1, 1, 1, 2, 2, 0, 0, 0, 0, 0, 0]
[0, 2, 1, 2, 0, 0, 0, 0, 1, 2, 2, 1, 0, 0, 0, 0, 0, 0, 0]
[0, 0, 1, 2, 2, 2, 0, 2, 0, 1, 1, 2, 0, 0, 0, 0, 0, 0, 0]
[0, 1, 2, 1, 1, 0, 0, 0, 1, 0, 0, 0, 0, 0, 0, 0, 0, 0, 0]
[0, 2, 1, 1, 1, 2, 2, 2, 1, 0, 0, 0, 0, 0, 0, 0, 0, 0, 0]
[0, 0, 0, 2, 1, 2, 1, 0, 0, 0, 0, 0, 0, 0, 0, 0, 0, 0, 0]
[0, 0, 2, 0, 1, 1, 1, 2, 0, 0, 0, 0, 0, 0, 0, 0, 0, 0, 0]
[0, 0, 0, 0, 2, 0, 1, 0, 0, 0, 0, 0, 0, 0, 0, 0, 0, 0, 0]
[0, 0, 0, 0, 0, 0, 0, 2, 0, 0, 0, 0, 0, 0, 0, 0, 0, 0, 0]
Finisher!
MiniMax Cases calculated: 58 Calculation time: 0 ms Total Black time: 395619 ms
Black: 1050250 White: 148
Black Move: [12, 8]
[0, 0, 0, 0, 0, 2, 0, 0, 0, 0, 0, 0, 0, 0, 0, 0, 0, 0, 0]
[0, 0, 0, 0, 0, 2, 1, 1, 1, 1, 2, 0, 0, 0, 0, 0, 0, 0, 0]
[0, 0, 0, 0, 0, 2, 1, 1, 1, 2, 0, 0, 0, 0, 0, 0, 0, 0, 0]
[0, 0, 0, 0, 0, 2, 2, 2, 1, 1, 1, 2, 0, 0, 0, 0, 0, 0, 0]
[0, 0, 0, 2, 2, 0, 1, 1, 2, 1, 2, 0, 0, 0, 0, 0, 0, 0, 0]
[0, 2, 0, 1, 0, 1, 2, 1, 2, 2, 2, 0, 0, 0, 0, 0, 0, 0, 0]
[0, 0, 1, 0, 2, 2, 1, 1, 1, 2, 0, 0, 0, 0, 0, 0, 0, 0, 0]
[0, 1, 2, 1, 2, 1, 1, 2, 0, 2, 0, 0, 0, 0, 0, 0, 0, 0, 0]
[0, 1, 2, 1, 1, 1, 1, 2, 1, 0, 2, 2, 0, 0, 0, 0, 0, 0, 0]
[0, 2, 1, 2, 2, 1, 1, 1, 2, 2, 1, 0, 0, 0, 0, 0, 0, 0, 0]
[0, 1, 0, 2, 1, 2, 2, 2, 1, 1, 1, 2, 2, 0, 0, 0, 0, 0, 0]
[0, 2, 1, 2, 0, 0, 0, 0, 1, 2, 2, 1, 0, 0, 0, 0, 0, 0, 0]
[0, 0, 1, 2, 2, 2, 0, 2, 2, 1, 1, 2, 0, 0, 0, 0, 0, 0, 0]
[0, 1, 2, 1, 1, 0, 0, 0, 1, 0, 0, 0, 0, 0, 0, 0, 0, 0, 0]
[0, 2, 1, 1, 1, 2, 2, 2, 1, 0, 0, 0, 0, 0, 0, 0, 0, 0, 0]
[0, 0, 0, 2, 1, 2, 1, 0, 0, 0, 0, 0, 0, 0, 0, 0, 0, 0, 0]
[0, 0, 2, 0, 1, 1, 1, 2, 0, 0, 0, 0, 0, 0, 0, 0, 0, 0, 0]
[0, 0, 0, 0, 2, 0, 1, 0, 0, 0, 0, 0, 0, 0, 0, 0, 0, 0, 0]
[0, 0, 0, 0, 0, 0, 0, 2, 0, 0, 0, 0, 0, 0, 0, 0, 0, 0, 0]
MiniMax Cases calculated: 12740668 Calculation time: 96213 ms Total White time: 621213 ms
Black: 1050250 White: 349
White Move: [15, 7]
[0, 0, 0, 0, 0, 2, 0, 0, 0, 0, 0, 0, 0, 0, 0, 0, 0, 0, 0]
[0, 0, 0, 0, 0, 2, 1, 1, 1, 1, 2, 0, 0, 0, 0, 0, 0, 0, 0]
[0, 0, 0, 0, 0, 2, 1, 1, 1, 2, 0, 0, 0, 0, 0, 0, 0, 0, 0]
[0, 0, 0, 0, 0, 2, 2, 2, 1, 1, 1, 2, 0, 0, 0, 0, 0, 0, 0]
[0, 0, 0, 2, 2, 0, 1, 1, 2, 1, 2, 0, 0, 0, 0, 0, 0, 0, 0]
[0, 2, 0, 1, 0, 1, 2, 1, 2, 2, 2, 0, 0, 0, 0, 0, 0, 0, 0]
[0, 0, 1, 0, 2, 2, 1, 1, 1, 2, 0, 0, 0, 0, 0, 0, 0, 0, 0]
[0, 1, 2, 1, 2, 1, 1, 2, 0, 2, 0, 0, 0, 0, 0, 0, 0, 0, 0]
[0, 1, 2, 1, 1, 1, 1, 2, 1, 0, 2, 2, 0, 0, 0, 0, 0, 0, 0]
[0, 2, 1, 2, 2, 1, 1, 1, 2, 2, 1, 0, 0, 0, 0, 0, 0, 0, 0]
[0, 1, 0, 2, 1, 2, 2, 2, 1, 1, 1, 2, 2, 0, 0, 0, 0, 0, 0]
[0, 2, 1, 2, 0, 0, 0, 0, 1, 2, 2, 1, 0, 0, 0, 0, 0, 0, 0]
[0, 0, 1, 2, 2, 2, 0, 2, 2, 1, 1, 2, 0, 0, 0, 0, 0, 0, 0]
[0, 1, 2, 1, 1, 0, 0, 0, 1, 0, 0, 0, 0, 0, 0, 0, 0, 0, 0]
[0, 2, 1, 1, 1, 2, 2, 2, 1, 0, 0, 0, 0, 0, 0, 0, 0, 0, 0]
[0, 0, 0, 2, 1, 2, 1, 1, 0, 0, 0, 0, 0, 0, 0, 0, 0, 0, 0]
[0, 0, 2, 0, 1, 1, 1, 2, 0, 0, 0, 0, 0, 0, 0, 0, 0, 0, 0]
[0, 0, 0, 0, 2, 0, 1, 0, 0, 0, 0, 0, 0, 0, 0, 0, 0, 0, 0]
[0, 0, 0, 0, 0, 0, 0, 2, 0, 0, 0, 0, 0, 0, 0, 0, 0, 0, 0]
Finisher!
MiniMax Cases calculated: 63 Calculation time: 0 ms Total Black time: 395619 ms
Black: 1050258 White: 150
Black Move: [13, 9]
[0, 0, 0, 0, 0, 2, 0, 0, 0, 0, 0, 0, 0, 0, 0, 0, 0, 0, 0]
[0, 0, 0, 0, 0, 2, 1, 1, 1, 1, 2, 0, 0, 0, 0, 0, 0, 0, 0]
[0, 0, 0, 0, 0, 2, 1, 1, 1, 2, 0, 0, 0, 0, 0, 0, 0, 0, 0]
[0, 0, 0, 0, 0, 2, 2, 2, 1, 1, 1, 2, 0, 0, 0, 0, 0, 0, 0]
[0, 0, 0, 2, 2, 0, 1, 1, 2, 1, 2, 0, 0, 0, 0, 0, 0, 0, 0]
[0, 2, 0, 1, 0, 1, 2, 1, 2, 2, 2, 0, 0, 0, 0, 0, 0, 0, 0]
[0, 0, 1, 0, 2, 2, 1, 1, 1, 2, 0, 0, 0, 0, 0, 0, 0, 0, 0]
[0, 1, 2, 1, 2, 1, 1, 2, 0, 2, 0, 0, 0, 0, 0, 0, 0, 0, 0]
[0, 1, 2, 1, 1, 1, 1, 2, 1, 0, 2, 2, 0, 0, 0, 0, 0, 0, 0]
[0, 2, 1, 2, 2, 1, 1, 1, 2, 2, 1, 0, 0, 0, 0, 0, 0, 0, 0]
[0, 1, 0, 2, 1, 2, 2, 2, 1, 1, 1, 2, 2, 0, 0, 0, 0, 0, 0]
[0, 2, 1, 2, 0, 0, 0, 0, 1, 2, 2, 1, 0, 0, 0, 0, 0, 0, 0]
[0, 0, 1, 2, 2, 2, 0, 2, 2, 1, 1, 2, 0, 0, 0, 0, 0, 0, 0]
[0, 1, 2, 1, 1, 0, 0, 0, 1, 2, 0, 0, 0, 0, 0, 0, 0, 0, 0]
[0, 2, 1, 1, 1, 2, 2, 2, 1, 0, 0, 0, 0, 0, 0, 0, 0, 0, 0]
[0, 0, 0, 2, 1, 2, 1, 1, 0, 0, 0, 0, 0, 0, 0, 0, 0, 0, 0]
[0, 0, 2, 0, 1, 1, 1, 2, 0, 0, 0, 0, 0, 0, 0, 0, 0, 0, 0]
[0, 0, 0, 0, 2, 0, 1, 0, 0, 0, 0, 0, 0, 0, 0, 0, 0, 0, 0]
[0, 0, 0, 0, 0, 0, 0, 2, 0, 0, 0, 0, 0, 0, 0, 0, 0, 0, 0]
MiniMax Cases calculated: 16319270 Calculation time: 123015 ms Total White time: 744228 ms
Black: 1050245 White: 153
White Move: [12, 6]
[0, 0, 0, 0, 0, 2, 0, 0, 0, 0, 0, 0, 0, 0, 0, 0, 0, 0, 0]
[0, 0, 0, 0, 0, 2, 1, 1, 1, 1, 2, 0, 0, 0, 0, 0, 0, 0, 0]
[0, 0, 0, 0, 0, 2, 1, 1, 1, 2, 0, 0, 0, 0, 0, 0, 0, 0, 0]
[0, 0, 0, 0, 0, 2, 2, 2, 1, 1, 1, 2, 0, 0, 0, 0, 0, 0, 0]
[0, 0, 0, 2, 2, 0, 1, 1, 2, 1, 2, 0, 0, 0, 0, 0, 0, 0, 0]
[0, 2, 0, 1, 0, 1, 2, 1, 2, 2, 2, 0, 0, 0, 0, 0, 0, 0, 0]
[0, 0, 1, 0, 2, 2, 1, 1, 1, 2, 0, 0, 0, 0, 0, 0, 0, 0, 0]
[0, 1, 2, 1, 2, 1, 1, 2, 0, 2, 0, 0, 0, 0, 0, 0, 0, 0, 0]
[0, 1, 2, 1, 1, 1, 1, 2, 1, 0, 2, 2, 0, 0, 0, 0, 0, 0, 0]
[0, 2, 1, 2, 2, 1, 1, 1, 2, 2, 1, 0, 0, 0, 0, 0, 0, 0, 0]
[0, 1, 0, 2, 1, 2, 2, 2, 1, 1, 1, 2, 2, 0, 0, 0, 0, 0, 0]
[0, 2, 1, 2, 0, 0, 0, 0, 1, 2, 2, 1, 0, 0, 0, 0, 0, 0, 0]
[0, 0, 1, 2, 2, 2, 1, 2, 2, 1, 1, 2, 0, 0, 0, 0, 0, 0, 0]
[0, 1, 2, 1, 1, 0, 0, 0, 1, 2, 0, 0, 0, 0, 0, 0, 0, 0, 0]
[0, 2, 1, 1, 1, 2, 2, 2, 1, 0, 0, 0, 0, 0, 0, 0, 0, 0, 0]
[0, 0, 0, 2, 1, 2, 1, 1, 0, 0, 0, 0, 0, 0, 0, 0, 0, 0, 0]
[0, 0, 2, 0, 1, 1, 1, 2, 0, 0, 0, 0, 0, 0, 0, 0, 0, 0, 0]
[0, 0, 0, 0, 2, 0, 1, 0, 0, 0, 0, 0, 0, 0, 0, 0, 0, 0, 0]
[0, 0, 0, 0, 0, 0, 0, 2, 0, 0, 0, 0, 0, 0, 0, 0, 0, 0, 0]
MiniMax Cases calculated: 5677555 Calculation time: 42607 ms Total Black time: 438226 ms
Black: 101050248 White: 152
Black Move: [13, 7]
[0, 0, 0, 0, 0, 2, 0, 0, 0, 0, 0, 0, 0, 0, 0, 0, 0, 0, 0]
[0, 0, 0, 0, 0, 2, 1, 1, 1, 1, 2, 0, 0, 0, 0, 0, 0, 0, 0]
[0, 0, 0, 0, 0, 2, 1, 1, 1, 2, 0, 0, 0, 0, 0, 0, 0, 0, 0]
[0, 0, 0, 0, 0, 2, 2, 2, 1, 1, 1, 2, 0, 0, 0, 0, 0, 0, 0]
[0, 0, 0, 2, 2, 0, 1, 1, 2, 1, 2, 0, 0, 0, 0, 0, 0, 0, 0]
[0, 2, 0, 1, 0, 1, 2, 1, 2, 2, 2, 0, 0, 0, 0, 0, 0, 0, 0]
[0, 0, 1, 0, 2, 2, 1, 1, 1, 2, 0, 0, 0, 0, 0, 0, 0, 0, 0]
[0, 1, 2, 1, 2, 1, 1, 2, 0, 2, 0, 0, 0, 0, 0, 0, 0, 0, 0]
[0, 1, 2, 1, 1, 1, 1, 2, 1, 0, 2, 2, 0, 0, 0, 0, 0, 0, 0]
[0, 2, 1, 2, 2, 1, 1, 1, 2, 2, 1, 0, 0, 0, 0, 0, 0, 0, 0]
[0, 1, 0, 2, 1, 2, 2, 2, 1, 1, 1, 2, 2, 0, 0, 0, 0, 0, 0]
[0, 2, 1, 2, 0, 0, 0, 0, 1, 2, 2, 1, 0, 0, 0, 0, 0, 0, 0]
[0, 0, 1, 2, 2, 2, 1, 2, 2, 1, 1, 2, 0, 0, 0, 0, 0, 0, 0]
[0, 1, 2, 1, 1, 0, 0, 2, 1, 2, 0, 0, 0, 0, 0, 0, 0, 0, 0]
[0, 2, 1, 1, 1, 2, 2, 2, 1, 0, 0, 0, 0, 0, 0, 0, 0, 0, 0]
[0, 0, 0, 2, 1, 2, 1, 1, 0, 0, 0, 0, 0, 0, 0, 0, 0, 0, 0]
[0, 0, 2, 0, 1, 1, 1, 2, 0, 0, 0, 0, 0, 0, 0, 0, 0, 0, 0]
[0, 0, 0, 0, 2, 0, 1, 0, 0, 0, 0, 0, 0, 0, 0, 0, 0, 0, 0]
[0, 0, 0, 0, 0, 0, 0, 2, 0, 0, 0, 0, 0, 0, 0, 0, 0, 0, 0]
